-48 -55 155 155 15 15 -48 -209 -209 -104 -104 155 155 15 15 -237 99 99 99 99 -62 -55 155 155 15 15 -188 -188 -118 -118 -104 92 92 92 92 -174 155 155 15 15 -237 99 99 99 99 -62 -104 92 92 92 92 -174 -160 -160 15 15
-19 -19 23 23 23 23 -19 -54 -54 -19 -19 23 23 23 23 -19 23 23 23 23 -54 -19 23 23 23 23 -19 -19 -54 -54 -54 23 23 23 23 -19 23 23 23 23 -19 23 23 23 23 -54 -54 23 23 23 23 -19 -19 -19 -19 -19
-68 -187 135 135 16 16 -68 -187 -187 -96 -96 135 135 16 16 -110 107 107 107 107 -33 -187 135 135 16 16 -5 -5 -124 -124 -229 93 93 93 93 -47 135 135 16 16 -110 107 107 107 107 -33 -229 93 93 93 93 -47 -152 -152 -166 -166
-73 -122 -206 -206 -73 -122 -52 214 214 -129 -52 165 165 -52 -122 -255 214 165 214 165 -52 -52 214 214 -129 -52 165 165 -52 -122 -255 214 165 214 165 -52 214 214 -129 -73 -346 -248 214 -248 214 -129 -255 214 -206 214 -206 -73 -346 -255 214 214
-80 -143 32 32 81 74 -80 -31 -31 -297 -199 32 32 81 74 -45 130 123 130 123 -38 -143 32 32 81 74 -52 -52 -3 -10 -108 67 60 67 60 -101 32 32 81 74 -45 130 123 130 123 -38 -108 67 60 67 60 -101 -150 -157 -192 -192
179 -157 39 39 179 18 179 39 39 -157 -192 39 39 179 18 -122 39 -122 39 -122 -192 -262 179 179 -262 179 -157 -157 -262 -157 -192 179 39 179 39 179 179 179 -262 179 18 -157 39 -157 39 -157 -192 179 39 179 39 179 18 -122 39 39
22 -22 8 8 21 6 22 4 4 -13 -43 8 8 21 6 -13 3 -12 3 -12 -29 -29 21 21 -31 22 -23 -23 -30 -22 -26 20 8 20 8 21 21 21 -31 22 0 -14 4 -14 4 -13 -26 20 8 20 8 21 -1 -13 3 3
-100 -268 19 19 96 96 -170 12 12 89 89 -51 -51 26 26 -100 103 103 103 103 -156 -100 -44 -44 -177 -177 19 19 96 96 -51 152 152 152 152 -107 12 12 89 89 -58 145 145 145 145 -114 -100 103 103 103 103 -156 -212 -212 -240 -240
-18 -46 17 17 59 52 -18 24 24 -284 -186 17 17 59 52 -67 101 94 101 94 -109 -46 17 17 59 52 -137 -137 10 3 -95 73 66 73 66 -102 17 17 59 52 -67 101 94 101 94 -109 -95 73 66 73 66 -102 -116 -123 -60 -60
-109 -60 31 31 52 66 -109 -39 -39 -18 -4 31 31 52 66 -25 17 31 17 31 -53 -60 31 31 52 66 -46 -46 -130 -221 24 66 80 66 80 -4 31 31 52 66 -25 17 31 17 31 -53 24 66 80 66 80 -4 -130 -221 -74 -74
-166 -75 30 30 107 100 -166 -82 -82 -5 -12 30 30 107 100 -12 86 79 86 79 -264 -82 23 23 100 93 -96 -96 -124 -131 -12 86 79 86 79 -54 23 23 100 93 -19 79 72 79 72 -166 -12 86 79 86 79 -54 -271 -173 -75 -75
-72 -30 33 33 82 75 -72 -30 -30 -296 -198 33 33 82 75 -156 124 117 124 117 -44 -30 33 33 82 75 -51 -51 -107 -114 -114 61 54 61 54 -107 33 33 82 75 -156 124 117 124 117 -44 -114 61 54 61 54 -107 -23 -30 -170 -170
-8 2 2 2 13 12 -8 -11 -11 -15 -16 2 2 13 12 -19 10 9 10 9 -10 3 3 3 14 13 -2 -2 -41 -27 -5 9 8 9 8 -16 3 3 14 13 -33 11 10 11 10 -9 -5 9 8 9 8 -16 3 2 -14 -14
-26 -26 37 37 37 37 -26 -96 -96 -26 -26 37 37 37 37 -96 37 37 37 37 -26 -26 37 37 37 37 -26 -26 -96 -96 -26 37 37 37 37 -96 37 37 37 37 -96 37 37 37 37 -26 -26 37 37 37 37 -96 -26 -26 -26 -26
-46 -81 -11 -11 101 94 -46 3 3 -340 -242 -11 -11 101 94 -88 150 143 150 143 -95 -81 -11 -11 101 94 -67 -67 -95 -102 -123 115 108 115 108 -130 -11 -11 101 94 -88 150 143 150 143 -95 -123 115 108 115 108 -130 -137 -144 -221 -221
-17 -17 11 11 18 25 -17 -10 -10 -38 -136 11 11 18 25 -3 25 32 25 32 4 -17 11 11 18 25 -10 -10 -38 -136 -3 25 32 25 32 4 11 11 18 25 -3 25 32 25 32 4 -3 25 32 25 32 4 -164 -52 -24 -24
-3 -10 11 11 39 18 -3 -3 -3 -150 -66 11 11 39 18 -10 39 18 39 18 -24 -10 11 11 39 18 -17 -17 -129 -45 -17 32 11 32 11 4 11 11 39 18 -10 39 18 39 18 -24 -17 32 11 32 11 4 -129 -45 4 4
-75 -19 44 44 58 44 -75 -138 -138 -19 -33 44 44 58 44 -40 100 86 100 86 -215 -26 37 37 51 37 -12 -12 -208 -117 -75 65 51 65 51 -40 37 37 51 37 -47 93 79 93 79 -117 -75 65 51 65 51 -40 -229 -138 2 2
-103 -47 65 58 37 30 -103 -12 -19 -250 -152 65 58 37 30 -166 128 121 121 114 -12 -47 65 58 37 30 -110 -117 -33 -40 -110 79 72 72 65 -61 65 58 37 30 -166 128 121 121 114 -12 -110 79 72 72 65 -61 -47 -54 -285 -187
-108 -38 -17 -17 116 116 -108 -108 -108 -10 -10 -17 -17 116 116 -38 116 116 116 116 -332 -45 -24 -24 109 109 -59 -59 -136 -136 -59 95 95 95 95 -108 -24 -24 109 109 -45 109 109 109 109 -234 -59 95 95 95 95 -108 -136 -136 -108 -108
-103 -54 30 30 65 58 -103 -145 -145 -5 -12 30 30 65 58 -33 128 121 128 121 -264 -61 23 23 58 51 -33 -33 -103 -110 -75 86 79 86 79 -96 23 23 58 51 -40 121 114 121 114 -166 -75 86 79 86 79 -96 -292 -194 -33 -33
-141 -162 111 111 97 90 -141 -99 -99 -323 -225 111 111 97 90 -183 139 132 139 132 13 -162 111 111 97 90 -36 -36 -50 -57 -99 13 6 13 6 -113 111 111 97 90 -183 139 132 139 132 13 -99 13 6 13 6 -113 -71 -78 -176 -176
-144 -165 108 101 101 94 -144 -102 -109 -319 -221 108 101 101 94 -172 143 136 136 129 24 -165 108 101 101 94 -39 -46 -46 -53 -88 17 10 10 3 -102 108 101 101 94 -172 143 136 136 129 24 -88 17 10 10 3 -102 -53 -60 -270 -172
-14 -6 0 0 12 11 -14 -11 -11 -4 -5 0 0 12 11 0 15 14 15 14 -39 -7 -1 -1 11 10 -8 -8 -11 -12 -5 10 9 10 9 -9 -1 -1 11 10 -1 14 13 14 13 -25 -5 10 9 10 9 -9 -35 -21 -6 -6
-149 -37 47 47 96 82 -149 -86 -86 -37 -51 47 47 96 82 -16 54 40 54 40 -121 -37 47 47 96 82 -72 -72 -233 -142 -9 61 47 61 47 -9 47 47 96 82 -16 54 40 54 40 -121 -9 61 47 61 47 -9 -212 -121 -51 -51
-12 -1 2 2 12 10 -12 -12 -12 -12 -14 2 2 12 10 -1 12 10 12 10 -20 -1 2 2 12 10 -5 -5 -30 -17 -5 8 6 8 6 -4 2 2 12 10 -1 12 10 12 10 -20 -5 8 6 8 6 -4 -30 -17 -4 -4
-149 -37 47 47 89 89 -149 -86 -86 -44 -44 47 47 89 89 -16 47 47 47 47 -121 -37 47 47 89 89 -72 -72 -240 -135 -9 54 54 54 54 -9 47 47 89 89 -16 47 47 47 47 -121 -9 54 54 54 54 -9 -114 -219 -51 -51
-113 -43 97 97 20 13 -113 6 6 -281 -183 97 97 20 13 -225 139 132 139 132 -50 -43 97 97 20 13 -169 -169 -36 -43 -155 104 97 104 97 -85 97 97 20 13 -225 139 132 139 132 -50 -155 104 97 104 97 -85 -113 -120 -176 -176
-10 -3 11 11 32 25 -10 -17 -17 -136 -38 11 11 32 25 -17 25 18 25 18 4 -3 11 11 32 25 -3 -3 -157 -59 -10 32 25 32 25 -24 11 11 32 25 -17 25 18 25 18 4 -10 32 25 32 25 -24 -31 -143 4 4
-1 -12 2 2 11 11 -1 -5 -5 -31 -16 2 2 11 11 -5 7 7 7 7 -4 -12 2 2 11 11 -12 -12 -13 -13 -1 11 11 11 11 -20 2 2 11 11 -5 7 7 7 7 -4 -1 11 11 11 11 -20 -16 -31 -4 -4
-55 -6 57 57 50 43 -55 -13 -13 -265 -167 57 57 50 43 -132 92 85 92 85 -62 -6 57 57 50 43 -125 -125 -27 -34 -83 36 29 36 29 -83 57 57 50 43 -132 92 85 92 85 -62 -83 36 29 36 29 -83 -48 -55 -41 -41
-46 -53 73 73 73 66 -46 -46 -46 -256 -158 73 73 73 66 -158 73 66 73 66 -39 -53 73 73 73 66 -165 -165 -60 -67 -60 66 59 66 59 -151 73 73 73 66 -158 73 66 73 66 -39 -60 66 59 66 59 -151 -60 -67 -46 -46
-9 -93 33 33 82 75 -9 -9 -9 -275 -177 33 33 82 75 -93 82 75 82 75 -86 -93 33 33 82 75 -72 -72 -128 -135 -177 103 96 103 96 -65 33 33 82 75 -93 82 75 82 75 -86 -177 103 96 103 96 -65 -23 -30 -170 -170
-39 -4 17 17 101 94 -39 -39 -39 -305 -207 17 17 101 94 -109 101 94 101 94 -67 -4 17 17 101 94 -74 -74 -95 -102 -74 31 24 31 24 -102 17 17 101 94 -109 101 94 101 94 -67 -74 31 24 31 24 -102 10 3 -102 -102
-10 -1 2 2 11 9 -10 -10 -10 -6 -8 2 2 11 9 -1 11 9 11 9 -32 -2 1 1 10 8 -5 -5 -26 -13 -5 7 5 7 5 -1 1 1 10 8 -2 10 8 10 8 -18 -5 7 5 7 5 -1 -26 -13 -1 -1
-5 -47 -26 -26 121 114 -5 -5 -5 -348 -250 -26 -26 121 114 -47 121 114 121 114 -124 -47 -26 -26 121 114 -89 -89 -82 -89 -89 79 72 79 72 -131 -26 -26 121 114 -47 121 114 121 114 -124 -89 79 72 79 72 -131 -82 -89 -131 -131
27 -15 83 76 20 -71 27 104 97 -64 -260 83 76 20 -71 -162 97 6 90 -1 -162 -15 83 76 -85 34 -274 -176 -22 -8 -78 76 90 69 83 27 83 76 -85 34 -57 -113 111 -120 104 -57 -78 76 90 69 83 27 -64 -260 104 97
85 -237 36 36 78 -62 85 127 127 -41 -286 36 36 78 -62 -48 120 -20 120 -20 -188 8 71 71 -97 78 -41 -41 1 -139 -104 64 29 64 29 71 71 71 -97 78 -153 -195 120 -195 120 -48 -104 64 29 64 29 71 -160 -55 113 113
15 -29 3 3 14 -3 15 14 14 -10 -42 3 3 14 -3 -1 13 -4 13 -4 -28 3 5 5 -14 14 -9 -9 2 -15 -10 4 2 4 2 13 5 5 -14 14 -14 -15 13 -15 13 -11 -10 4 2 4 2 13 -15 -2 12 12
7 -6 12 12 7 -6 -16 7 7 -36 7 -6 -6 -16 -6 -6 7 12 7 12 7 6 9 9 1 -9 11 11 6 -7 -24 9 -24 9 -24 -9 6 6 -22 6 -9 1 9 1 9 1 -7 6 11 6 11 6 -9 -24 9 9
89 -156 -65 40 89 40 82 -37 33 -44 33 -72 33 82 33 -86 -37 -86 33 -37 33 5 96 61 -226 61 -254 -44 5 -44 47 96 47 61 -9 61 89 54 -128 54 40 -37 40 -72 -121 -72 40 89 40 54 -16 54 40 -30 40 -121
51 -75 44 44 51 -19 44 58 58 -40 -215 37 37 44 -26 -75 58 -12 58 -12 -110 -26 93 93 -215 51 -138 -138 -26 -75 -40 93 44 93 44 51 86 86 -117 44 -131 2 58 2 58 -40 -47 86 37 86 37 44 -236 -75 58 58
11 -6 10 10 10 -7 10 11 11 -4 -36 9 9 9 -8 -23 10 -7 10 -7 -22 -6 10 10 -35 11 -22 -22 -7 -6 -9 9 10 9 10 10 9 9 -21 10 -8 -5 11 -5 11 -4 -10 8 9 8 9 9 -9 -23 10 10
4 -7 4 -29 11 10 2 -5 -5 5 4 2 -16 9 8 -5 5 4 2 1 -4 -7 1 4 11 10 -7 -7 -5 -6 4 11 10 11 10 -33 -1 2 9 8 -5 -28 -14 5 4 -4 2 9 8 9 8 -20 5 4 -4 -4
48 -29 48 -197 76 76 34 -50 -29 -1 -1 34 -106 62 62 -29 -1 -1 -1 -1 6 -50 -29 48 55 55 -50 -29 -57 -57 48 55 55 76 76 -218 -43 34 41 41 -50 -43 -43 -1 -1 -15 34 41 41 62 62 -127 -1 -1 -15 6
59 -4 59 -228 73 73 59 -109 -60 31 31 59 -123 73 73 -60 31 31 -46 -46 24 -53 -11 59 24 24 -53 -4 -74 -74 59 24 24 73 73 -123 -11 59 24 24 -109 -39 -39 31 31 -25 59 24 24 73 73 -228 31 31 -25 24
-65 -121 54 54 33 26 -65 -121 -121 -37 -44 54 54 33 26 -23 82 75 82 75 -51 -219 61 61 40 33 5 5 -16 -23 -51 54 47 54 47 -79 61 61 40 33 -16 89 82 89 82 -44 -51 54 47 54 47 -79 -268 -170 -65 -65
58 -54 58 -215 58 51 44 -75 -12 51 44 44 -124 44 37 -12 51 44 -12 -19 -61 -117 -26 58 100 93 -117 -54 -12 -19 58 100 93 58 51 -222 -40 44 86 79 -75 -243 -145 51 44 -19 44 86 79 44 37 -131 51 44 -19 -61
41 -29 41 -204 69 69 41 -50 -29 -1 -1 41 -99 69 69 -29 -1 -1 -1 -1 6 -50 -36 41 48 48 -50 -29 -57 -57 41 48 48 69 69 -120 -36 41 48 48 -50 -43 -43 -1 -1 -15 41 48 48 69 69 -225 -1 -1 -15 6
55 -43 48 -218 55 48 55 -64 -15 48 41 48 -113 55 48 -22 41 34 -15 -22 -64 -211 -15 55 97 90 -113 -43 -1 -8 48 90 83 55 48 -120 -15 55 97 90 -64 -232 -134 48 41 -22 48 90 83 55 48 -225 41 34 -29 -64
4 -11 4 -33 10 9 4 -4 -3 5 4 4 -18 10 9 -3 5 4 3 2 -5 -7 0 4 9 8 -7 -11 -1 -2 4 9 8 10 9 -16 0 4 9 8 -4 -29 -15 5 4 -6 4 9 8 10 9 -31 5 4 -6 -5
-10 -1 2 2 10 10 -10 -10 -10 -7 -7 2 2 10 10 -1 10 10 10 10 -32 -2 1 1 9 9 -5 -5 -12 -27 -5 6 6 6 6 -1 1 1 9 9 -2 9 9 9 9 -18 -5 6 6 6 6 -1 -27 -12 -1 -1
3 -7 3 -30 10 9 3 -5 -5 5 4 3 -15 10 9 -5 5 4 2 1 -4 -7 0 3 10 9 -7 -7 -5 -6 3 10 9 10 9 -19 0 3 10 9 -5 -28 -14 5 4 -4 3 10 9 10 9 -34 5 4 -4 -4
48 -43 41 -120 48 41 62 -64 -15 48 41 55 -211 62 55 -22 41 34 -15 -22 -64 -211 -22 48 90 83 -113 -43 -1 -8 41 83 76 48 41 -127 -8 62 104 97 -64 -232 -134 48 41 -22 55 97 90 62 55 -218 41 34 -29 -64
3 -11 3 -19 9 8 5 -4 -3 5 4 5 -32 11 10 -3 5 4 3 2 -5 -7 -1 3 8 7 -7 -11 -1 -2 3 8 7 9 8 -17 1 5 10 9 -4 -29 -15 5 4 -6 5 10 9 11 10 -30 5 4 -6 -5
24 -46 24 -200 80 80 10 -46 -39 31 31 10 -109 66 66 -39 31 31 17 17 -39 -53 -4 24 73 73 -53 -46 -32 -32 24 73 73 80 80 -242 -18 10 59 59 -46 -102 -102 31 31 -46 10 59 59 66 66 -151 31 31 -46 -39
17 -46 17 -207 73 73 17 -46 -39 31 31 17 -102 73 73 -39 31 31 17 17 -39 -53 -11 17 66 66 -53 -46 -32 -32 17 66 66 73 73 -144 -11 17 66 66 -46 -102 -102 31 31 -46 17 66 66 73 73 -249 31 31 -46 -39
86 -89 86 -278 79 72 79 -82 -5 37 30 79 -180 72 65 -5 37 30 -12 -19 -82 -166 -12 86 107 100 -166 -89 -68 -75 86 107 100 79 72 -117 -19 79 100 93 -82 -271 -173 37 30 -54 79 100 93 72 65 -124 37 30 -54 -82
52 -32 52 -39 52 52 59 -228 -88 38 38 59 -32 59 59 -88 38 38 -53 -53 17 -53 10 45 31 31 -53 -39 -88 -88 45 31 31 45 45 -130 17 52 38 38 -130 -4 -4 31 31 -4 52 38 38 52 52 -228 31 31 -4 10
78 78 -34 -34 71 71 78 71 -34 -244 71 71 -244 71 -34 -41 64 64 -41 -146 64 78 -244 71 -34 71 -34 71 71 -244 -41 -146 -41 64 64 64 71 71 -34 -34 64 -41 64 -146 64 -41 64 64 -146 64 -41 -41 57 57 57 57
-6 -23 10 10 9 8 -6 -21 -21 -7 -8 10 10 9 8 -8 9 8 9 8 -8 -37 11 11 10 9 -6 -6 -7 -8 -6 11 10 11 10 -21 11 11 10 9 -7 10 9 10 9 -7 -6 11 10 11 10 -21 -37 -23 -6 -6
-92 -50 69 62 34 27 -92 6 -1 -239 -141 69 62 34 27 -260 132 125 125 118 -15 -57 62 55 27 20 -106 -113 -36 -43 -99 83 76 76 69 -64 62 55 27 20 -162 125 118 118 111 -22 -99 83 76 76 69 -64 -36 -43 -281 -183
51 -54 51 -222 51 44 51 -75 -12 51 44 51 -117 51 44 -12 51 44 -12 -19 -61 -117 -33 51 93 86 -117 -54 -12 -19 51 93 86 51 44 -124 -33 51 93 86 -75 -243 -145 51 44 -19 51 93 86 51 44 -229 51 44 -19 -61
45 -95 45 -291 122 115 38 -53 -53 45 38 38 -193 115 108 -53 45 38 24 17 -95 -95 24 45 122 115 -95 -95 -158 -165 45 122 115 122 115 -158 17 38 115 108 -53 -291 -193 45 38 -95 38 115 108 115 108 -165 45 38 -95 -95
-45 -150 67 67 67 60 -52 -150 -150 -45 -52 60 60 60 53 -59 67 60 67 60 -45 -248 74 74 74 67 -31 -31 -31 -38 -45 81 74 81 74 -241 67 67 67 60 -52 74 67 74 67 -38 -52 74 67 74 67 -143 -255 -157 -31 -31
44 -5 58 51 37 -40 44 86 79 -75 -257 58 51 37 -40 -117 79 2 72 -5 -159 -19 44 37 -82 51 -215 -117 -26 2 -54 37 65 30 58 44 44 37 -82 51 -26 -40 93 -47 86 -68 -54 37 65 30 58 44 -33 -215 86 79
37 -19 37 -173 65 65 23 -47 -26 2 2 23 -82 51 51 -26 2 2 2 2 9 -40 -5 37 44 44 -40 -19 -47 -47 37 44 44 65 65 -194 -19 23 30 30 -47 -40 -40 2 2 -12 23 30 30 51 51 -103 2 2 -12 9
18 -66 18 18 95 88 18 -24 -24 -262 -164 18 18 95 88 -45 53 46 53 46 -87 -66 18 18 95 88 -87 -87 -115 -122 -129 74 67 74 67 -66 18 18 95 88 -45 53 46 53 46 -87 -129 74 67 74 67 -66 11 4 -108 -108
-36 -43 13 13 48 41 -36 -1 -1 -211 -113 13 13 48 41 -78 83 76 83 76 -29 -43 13 13 48 41 -15 -15 -120 -127 -85 76 69 76 69 -36 13 13 48 41 -78 83 76 83 76 -29 -85 76 69 76 69 -36 -85 -92 -141 -141
121 -96 37 37 114 23 121 44 44 -89 -285 37 37 114 23 -61 37 -54 37 -54 -187 -159 114 114 -159 121 -103 -103 -166 -96 -201 107 37 107 37 114 114 114 -159 121 16 -96 44 -96 44 -89 -201 107 37 107 37 114 9 -61 37 37
22 -55 22 -209 64 57 22 -27 -27 36 29 22 -104 64 57 -27 36 29 15 8 -34 -55 1 22 64 57 -55 -55 -13 -20 22 64 57 64 57 -111 1 22 64 57 -27 -195 -97 36 29 -34 22 64 57 64 57 -216 36 29 -34 -34
-73 -17 46 46 53 46 -73 -31 -31 -234 -136 46 46 53 46 -143 95 88 95 88 -10 -17 46 46 53 46 -24 -24 -122 -129 -87 46 39 46 39 -59 46 46 53 46 -143 95 88 95 88 -10 -87 46 39 46 39 -59 -38 -45 -122 -122
93 -47 16 16 93 -5 93 30 30 -103 -96 16 16 93 -5 -68 30 -68 30 -68 -96 -215 93 93 -75 93 -47 -47 -215 -47 -110 93 16 93 16 93 93 93 -75 93 9 -103 30 -103 30 -103 -110 93 16 93 16 93 9 -68 30 30
90 -43 41 41 83 -36 83 62 62 -1 -225 34 34 76 -43 -113 55 -64 55 -64 -127 -43 41 41 -232 90 -92 -92 -50 -43 -29 34 41 34 41 83 34 34 -134 83 -8 -50 62 -50 62 -1 -36 27 34 27 34 76 -15 -113 55 55
34 -36 34 -197 69 62 27 -29 -29 27 20 27 -99 62 55 -29 27 20 6 -1 -50 -36 13 34 69 62 -36 -36 -141 -148 34 69 62 69 62 -43 6 27 62 55 -29 -204 -106 27 20 -50 27 62 55 62 55 -50 27 20 -50 -50
11 -34 5 5 11 -10 11 17 17 -7 -28 5 5 11 -10 -7 17 -4 17 -4 -28 1 10 10 -14 10 -5 -5 1 -20 -14 10 4 10 4 10 10 10 -14 10 -22 -28 16 -28 16 -8 -14 10 4 10 4 10 -22 -8 16 16
-29 -50 -1 -1 69 62 -29 -1 -1 -246 -148 -1 -1 69 62 -78 97 90 97 90 -50 -50 -1 -1 69 62 -43 -43 -78 -85 -99 76 69 76 69 -71 -1 -1 69 62 -78 97 90 97 90 -50 -99 76 69 76 69 -71 -36 -43 -183 -183
-61 -5 58 58 44 37 -61 -19 -19 -243 -145 58 58 44 37 -131 86 79 86 79 -40 -5 58 58 44 37 -117 -117 -26 -33 -75 37 30 37 30 -89 58 58 44 37 -131 86 79 86 79 -40 -75 37 30 37 30 -89 -47 -54 -47 -47
-59 -213 39 39 60 60 -115 32 32 53 53 -17 -17 4 4 -80 46 46 46 46 -59 -59 -38 -38 -122 -122 39 39 60 60 -45 81 81 81 81 -24 32 32 53 53 -52 74 74 74 74 -31 -80 46 46 46 46 -59 -73 -73 -178 -178
47 -51 40 -128 47 40 54 -65 -23 47 40 47 -121 54 47 -30 40 33 -23 -30 -65 -212 -16 47 96 89 -114 -51 -2 -9 40 89 82 47 40 -121 -9 54 103 96 -65 -226 -128 47 40 -16 47 96 89 54 47 -219 40 33 -23 -65
51 -12 51 -138 65 65 58 -110 -68 30 30 58 -131 72 72 -68 30 30 -54 -54 23 -54 -12 51 23 23 -54 -12 -75 -75 51 23 23 65 65 -124 -5 58 30 30 -110 -33 -33 30 30 -19 58 30 30 72 72 -222 30 30 -19 23
69 -43 69 69 69 -57 62 69 69 -36 -162 62 62 62 -64 -162 69 -57 69 -57 -162 -43 69 69 -246 69 -148 -148 -43 -43 -57 69 69 69 69 69 62 62 -148 62 -57 -36 69 -36 69 -36 -64 62 62 62 62 62 -57 -162 69 69
-5 -47 -12 -12 72 65 -5 9 9 -257 -159 -12 -12 72 65 -19 86 79 86 79 -82 -47 -12 -12 72 65 -75 -75 9 2 -61 44 37 44 37 -89 -12 -12 72 65 -19 86 79 86 79 -82 -61 44 37 44 37 -89 -68 -75 -75 -75
-24 -45 4 4 67 60 -24 4 4 -248 -150 4 4 67 60 -94 95 88 95 88 -59 -45 4 4 67 60 -38 -38 -80 -87 -115 74 67 74 67 -80 4 4 67 60 -94 95 88 95 88 -59 -115 74 67 74 67 -80 -24 -31 -157 -157
50 1 57 50 43 -41 50 85 78 -69 -258 57 50 43 -41 -125 78 -6 71 -13 -160 -13 43 36 -76 50 -216 -118 -20 1 -62 36 57 29 50 43 43 36 -76 50 -34 -41 85 -48 78 -69 -62 36 57 29 50 43 -41 -125 78 71
-90 -230 43 43 43 43 -132 36 36 36 36 1 1 1 1 -62 64 64 64 64 -62 -90 -48 -48 -48 -48 43 43 43 43 -41 85 85 85 85 -41 36 36 36 36 -48 78 78 78 78 -48 -62 64 64 64 64 -62 -160 -160 -160 -160
-69 -27 29 29 85 78 -69 -34 -34 -293 -195 29 29 85 78 -146 120 113 120 113 -41 -27 29 29 85 78 -55 -55 -104 -111 -104 57 50 57 50 -104 29 29 85 78 -146 120 113 120 113 -41 -104 57 50 57 50 -104 -13 -20 -174 -174
-71 -8 13 13 69 55 -71 -71 -71 -50 -64 13 13 69 55 -8 69 55 69 55 -134 -8 13 13 69 55 -29 -29 -183 -92 -29 48 34 48 34 -15 13 13 69 55 -8 69 55 69 55 -134 -29 48 34 48 34 -15 -183 -92 -15 -15
43 -76 43 43 50 -27 36 50 50 -48 -125 36 36 43 -34 -76 57 -20 57 -20 -118 -27 92 92 -216 43 -132 -132 -20 -76 -34 99 43 99 43 50 85 85 -118 36 -132 1 50 1 50 -48 -41 92 36 92 36 43 -230 -76 57 57
-55 -62 36 29 22 15 -55 22 15 -202 -104 36 29 22 15 -104 99 92 92 85 -27 -62 36 29 22 15 -97 -104 -6 -13 -111 92 85 85 78 -34 36 29 22 15 -104 99 92 92 85 -27 -111 92 85 85 78 -34 -48 -55 -272 -174
57 -55 57 -216 50 43 50 -69 -6 50 43 50 -118 43 36 -6 50 43 -13 -20 -69 -118 -27 57 92 85 -118 -55 -20 -27 57 92 85 50 43 -132 -34 50 85 78 -69 -244 -146 50 43 -27 50 85 78 43 36 -139 50 43 -27 -69
57 -48 57 -209 57 57 43 -83 -13 43 43 43 -118 43 43 -13 43 43 -13 -13 -62 -118 -34 57 92 92 -118 -48 -13 -13 57 92 92 57 57 -223 -48 43 78 78 -83 -153 -153 43 43 -27 43 78 78 43 43 -132 43 43 -27 -62
-66 -108 25 25 46 39 -66 -59 -59 -38 -45 25 25 46 39 11 53 46 53 46 -38 -206 32 32 53 46 -10 -10 11 4 -3 39 32 39 32 -52 32 32 53 46 18 60 53 60 53 -31 -3 39 32 39 32 -52 -220 -122 -80 -80
-87 -87 -192 -192 -87 -87 -66 179 179 -87 -66 179 179 -66 -87 -262 179 179 179 179 -66 -66 179 179 -87 -66 179 179 -66 -87 -262 179 179 179 179 -66 179 179 -87 -87 -262 -192 179 -192 179 -87 -262 179 -192 179 -192 -87 -262 -262 179 179
-9 -1 8 8 6 6 -9 -3 -3 -25 -25 8 8 6 6 -19 12 12 12 12 -10 -1 8 8 6 6 -17 -17 -4 -4 -11 5 5 5 5 -12 8 8 6 6 -19 12 12 12 12 -10 -11 5 5 5 5 -12 -7 -7 -6 -6
43 -76 43 43 43 -20 43 57 57 -48 -216 43 43 43 -20 -69 57 -6 57 -6 -111 -34 85 85 -125 43 -139 -139 -34 -76 -41 85 43 85 43 43 85 85 -125 43 -132 -6 57 -6 57 -48 -41 85 43 85 43 43 -237 -69 57 57
20 -71 20 -127 62 62 34 -36 -22 27 27 34 -218 76 76 -22 27 27 20 20 -36 -50 -15 20 48 48 -50 -71 -8 -8 20 48 48 62 62 -120 -1 34 62 62 -36 -113 -113 27 27 -50 34 62 62 76 76 -211 27 27 -50 -36
-80 -31 32 32 74 74 -80 -38 -38 -206 -206 32 32 74 74 -157 116 116 116 116 -52 -31 32 32 74 74 -45 -45 -108 -108 -108 60 60 60 60 -108 32 32 74 74 -157 116 116 116 116 -52 -108 60 60 60 60 -108 -24 -24 -171 -171
-9 -16 2 2 -9 -16 -2 16 16 -13 -2 9 9 -2 -12 -21 16 9 16 9 -2 -2 16 16 -13 -2 9 9 -2 -12 -21 16 9 16 9 -2 20 20 -9 -1 -30 -26 20 -26 20 -9 -17 20 -20 20 -20 -1 -30 -17 20 20
26 -23 75 75 19 -72 26 103 103 -58 -254 75 75 19 -72 -163 96 5 96 5 -156 -23 75 75 -86 33 -184 -184 -30 -16 -86 68 82 68 82 26 75 75 -86 33 -58 -114 110 -114 110 -51 -86 68 82 68 82 26 -65 -261 103 103
-13 -48 -27 -27 113 113 -13 -13 -13 -258 -258 -27 -27 113 113 -48 113 113 113 113 -132 -48 -27 -27 113 113 -83 -83 -83 -83 -83 78 78 78 78 -132 -27 -27 113 113 -48 113 113 113 113 -132 -83 78 78 78 78 -132 -83 -83 -132 -132
-34 -125 106 106 -13 -13 -34 -139 -139 -48 -48 106 106 -13 -13 -125 92 92 92 92 -48 -125 106 106 -13 -13 -6 -6 -125 -125 -216 106 106 106 106 -34 106 106 -13 -13 -125 92 92 92 92 -48 -216 106 106 106 106 -34 -125 -125 -139 -139
11 10 -5 -5 10 9 11 11 -4 -34 10 10 -35 10 -6 -5 10 9 -5 -21 9 10 -35 10 -5 9 -6 9 9 -22 -6 -21 -7 9 8 8 10 10 -5 -6 10 -5 9 -20 9 -6 9 9 -22 9 -7 -7 9 8 8 8
-11 -11 10 10 24 24 -11 -11 -11 -137 -32 10 10 24 24 -11 24 24 24 24 3 -11 10 10 24 24 -11 -11 -67 -67 -11 24 24 24 24 -32 10 10 24 24 -11 24 24 24 24 3 -11 24 24 24 24 -32 -32 -137 3 3
5 -9 -2 -2 68 61 5 -9 -9 -219 -121 -2 -2 68 61 -37 54 47 54 47 -58 -9 -2 -2 68 61 -37 -37 -107 -114 -51 40 33 40 33 -37 -2 -2 68 61 -37 54 47 54 47 -58 -51 40 33 40 33 -37 -30 -37 -51 -51
-64 -1 13 13 76 69 -64 -71 -71 -43 -50 13 13 76 69 -15 69 62 69 62 -225 -8 6 6 69 62 -36 -36 -183 -85 -43 41 34 41 34 -8 6 6 69 62 -22 62 55 62 55 -127 -43 41 34 41 34 -8 -92 -99 -15 -15
-53 -158 66 66 66 59 -60 -151 -151 -46 -53 59 59 59 52 -53 73 66 73 66 -39 -158 66 66 66 59 -39 -39 -39 -46 -46 80 73 80 73 -242 59 59 59 52 -53 73 66 73 66 -39 -53 73 66 73 66 -144 -249 -151 -25 -25
-76 -6 15 15 71 57 -76 -76 -76 -20 -34 15 15 71 57 -6 71 57 71 57 -202 -13 8 8 64 50 -27 -27 -181 -90 -27 50 36 50 36 -13 8 8 64 50 -13 64 50 64 50 -104 -27 50 36 50 36 -13 -181 -90 -13 -13
-138 -159 107 107 100 93 -138 -103 -103 -320 -222 107 107 100 93 -173 135 128 135 128 16 -159 107 107 100 93 -40 -40 -47 -54 -89 9 2 9 2 -110 107 107 100 93 -173 135 128 135 128 16 -89 9 2 9 2 -110 -61 -68 -180 -180
9 -54 9 -117 65 65 16 -47 -47 30 30 16 -110 72 72 -47 30 30 9 9 -40 -54 -12 9 65 65 -54 -54 -33 -33 9 65 65 65 65 -145 -5 16 72 72 -47 -96 -96 30 30 -40 16 72 72 72 72 -243 30 30 -40 -40
-83 -181 78 78 78 71 -83 -55 -55 -265 -167 78 78 78 71 -125 106 99 106 99 -6 -181 78 78 78 71 -20 -20 -20 -27 -97 29 22 29 22 -83 78 78 78 71 -125 106 99 106 99 -6 -97 29 22 29 22 -83 -69 -76 -160 -160
43 -62 43 -132 43 36 50 -76 -20 50 43 50 -125 50 43 -20 50 43 -20 -27 -62 -118 -34 43 92 85 -118 -62 -13 -20 43 92 85 43 36 -125 -27 50 99 92 -76 -237 -139 50 43 -13 50 99 92 50 43 -223 50 43 -13 -62
-54 -103 30 30 65 58 -54 -47 -47 -222 -124 30 30 65 58 16 72 65 72 65 -5 -103 30 30 65 58 -40 -40 -5 -12 -33 23 16 23 16 -54 30 30 65 58 16 72 65 72 65 -5 -33 23 16 23 16 -54 -131 -138 -82 -82
30 -19 30 -180 58 58 30 -47 -26 2 2 30 -75 58 58 -26 2 2 2 2 9 -40 -12 30 37 37 -40 -19 -47 -47 30 37 37 58 58 -96 -12 30 37 37 -47 -40 -40 2 2 -12 30 37 37 58 58 -201 2 2 -12 9
-5 -54 -250 -250 -5 -54 -12 142 142 -89 -12 93 93 -12 -82 -103 142 93 142 93 -12 -12 142 142 -89 -12 93 93 -12 -82 -103 142 93 142 93 -12 114 114 -117 -61 -222 -138 114 -138 114 -117 -131 114 -96 114 -96 -61 -222 -131 114 114
-75 -33 44 44 44 37 -75 -19 -19 -229 -131 44 44 44 37 -131 100 93 100 93 -12 -33 44 44 44 37 -40 -40 -40 -47 -89 37 30 37 30 -75 44 44 44 37 -131 100 93 100 93 -12 -89 37 30 37 30 -75 -33 -40 -124 -124
72 -47 30 30 65 16 72 23 23 -47 -201 30 30 65 16 -40 16 -33 16 -33 -103 -152 65 65 -40 72 -54 -54 -159 -47 -103 58 30 58 30 65 65 65 -40 72 -5 -54 23 -54 23 -47 -103 58 30 58 30 65 -12 -40 16 16
-36 -155 69 69 62 62 -36 -148 -148 -50 -50 69 69 62 62 -64 55 55 55 55 -57 -253 76 76 69 69 -43 -43 -50 -50 -50 69 69 69 69 -148 76 76 69 69 -57 62 62 62 62 -50 -50 69 69 69 69 -148 -169 -169 -50 -50
-114 -37 -16 -16 110 110 -114 -114 -114 12 12 -16 -16 110 110 -37 110 110 110 110 -310 -44 -23 -23 103 103 -51 -51 -135 -135 -51 96 96 96 96 -114 -23 -23 103 103 -44 103 103 103 103 -212 -51 96 96 96 96 -114 -135 -135 -114 -114
-39 -53 -137 -137 -39 -53 -18 108 108 -109 -18 94 94 -18 -53 -116 108 94 108 94 -18 -18 108 108 -109 -18 94 94 -18 -53 -116 108 94 108 94 -18 108 108 -109 -39 -242 -18 108 -18 108 -109 -116 108 -137 108 -137 -39 -242 -116 108 108
-57 20 13 13 97 90 -57 -85 -85 -106 -113 13 13 97 90 -141 69 62 69 62 -64 20 13 13 97 90 -15 -15 -281 -183 -43 62 55 62 55 -106 13 13 97 90 -141 69 62 69 62 -64 -43 62 55 62 55 -106 13 6 -99 -99
-55 8 15 15 85 78 -55 -69 -69 -104 -111 15 15 85 78 -125 71 64 71 64 -76 15 22 22 92 85 -20 -20 -265 -167 -34 57 50 57 50 -90 22 22 92 85 -223 78 71 78 71 -69 -34 57 50 57 50 -90 22 15 -104 -104
-58 -191 131 131 12 12 -58 -177 -177 -86 -86 131 131 12 12 -114 103 103 103 103 -37 -191 131 131 12 12 -2 -2 -121 -121 -226 96 96 96 96 -44 131 131 12 12 -114 103 103 103 103 -37 -226 96 96 96 96 -44 -149 -149 -163 -163
-72 -177 131 131 12 12 -72 -184 -184 -93 -93 131 131 12 12 -107 110 110 110 110 -30 -177 131 131 12 12 5 5 -114 -114 -233 89 89 89 89 -51 131 131 12 12 -107 110 110 110 110 -30 -233 89 89 89 89 -51 -149 -149 -163 -163
-67 -39 45 38 45 38 -67 -4 -11 -214 -116 45 38 45 38 -214 108 101 101 94 -4 -46 38 31 38 31 -39 -46 -39 -46 -67 45 38 38 31 -67 38 31 38 31 -116 101 94 94 87 -11 -67 45 38 38 31 -67 -4 -11 -214 -116
20 -85 20 -141 62 55 27 -29 -29 34 27 27 -134 69 62 -29 34 27 13 6 -36 -50 -1 20 62 55 -50 -85 -8 -15 20 62 55 62 55 -113 6 27 69 62 -29 -197 -99 34 27 -36 27 69 62 69 62 -211 34 27 -36 -36
-18 -4 10 10 24 24 -18 -25 -25 -46 -46 10 10 24 24 -18 17 17 17 17 -4 -4 10 10 24 24 3 3 -158 -53 -4 31 31 31 31 -25 10 10 24 24 -18 17 17 17 17 -4 -4 31 31 31 31 -25 -32 -137 3 3
16 -68 93 93 16 16 16 -194 -194 -26 -26 93 93 16 16 -117 51 51 51 51 -47 -68 93 93 16 16 -117 -117 -89 -89 -61 72 72 72 72 -131 93 93 16 16 -117 51 51 51 51 -47 -61 72 72 72 72 -131 -103 -103 9 9
47 -30 47 -198 68 68 40 -44 -23 -2 -2 40 -100 61 61 -23 -2 -2 -2 -2 -2 -51 -30 47 47 47 -51 -30 -65 -65 47 47 47 68 68 -128 -37 40 40 40 -44 -44 -44 -2 -2 -23 40 40 40 61 61 -135 -2 -2 -23 -2
110 -163 68 68 103 40 110 5 5 -65 -233 68 68 103 40 -58 -2 -65 -2 -65 -135 -114 117 117 -163 110 -156 -156 -121 -163 -156 110 68 110 68 103 117 117 -163 110 -9 -58 5 -58 5 -65 -156 110 68 110 68 103 -16 -58 -2 -2
-6 -69 120 120 1 1 -6 -153 -153 -62 -62 120 120 1 1 -153 64 64 64 64 -76 -69 120 120 1 1 -174 -174 -83 -83 -111 106 106 106 106 -139 120 120 1 1 -153 64 64 64 64 -76 -111 106 106 106 106 -139 -167 -167 29 29
-30 -135 96 96 40 40 -30 -135 -135 -86 -86 96 96 40 40 -30 40 40 40 40 -37 -135 96 96 40 40 -30 -30 -86 -86 -135 40 40 40 40 -37 96 96 40 40 -30 40 40 40 40 -37 -135 40 40 40 40 -37 -86 -86 -37 -37
9 -4 7 7 9 -7 -11 5 5 -31 9 -8 -8 -11 -4 0 5 7 5 7 9 8 4 4 3 -10 6 6 8 -8 -16 4 -12 4 -12 -10 4 4 -17 8 -3 -1 4 -1 4 3 -1 4 6 4 6 8 -3 -16 4 4
-46 -137 38 38 80 73 -53 -88 -88 -46 -53 31 31 73 66 -25 38 31 38 31 -32 -235 45 45 87 80 -46 -46 -4 -11 3 66 59 66 59 -214 38 38 80 73 -18 45 38 45 38 -25 -4 59 52 59 52 -116 -207 -109 -46 -46
-11 -46 -25 -25 115 108 -11 -11 -11 -326 -228 -25 -25 115 108 -46 115 108 115 108 -102 -46 -25 -25 115 108 -81 -81 -81 -88 -81 80 73 80 73 -137 -25 -25 115 108 -46 115 108 115 108 -102 -81 80 73 80 73 -137 -81 -88 -137 -137
-101 -52 32 32 67 53 -101 -38 -38 -3 -17 32 32 67 53 -31 25 11 25 11 -59 -52 32 32 67 53 -45 -45 -220 -129 18 74 60 74 60 -10 32 32 67 53 -31 25 11 25 11 -59 18 74 60 74 60 -10 -199 -108 -52 -52
44 -33 44 -40 51 51 51 -138 -96 30 30 51 -33 58 58 -96 30 30 -54 -54 16 -54 2 44 30 30 -54 -33 -82 -82 44 30 30 51 51 -124 9 51 37 37 -138 -12 -12 30 30 -5 51 37 37 58 58 -222 30 30 -5 16
54 -44 47 -114 47 40 61 -58 -9 47 40 54 -212 54 47 -16 40 33 -16 -23 -72 -212 -16 54 89 82 -114 -44 -9 -16 47 82 75 47 40 -135 -9 61 96 89 -58 -233 -135 47 40 -30 54 89 82 54 47 -128 40 33 -37 -72
-87 -3 18 18 67 53 -87 -87 -87 -38 -52 18 18 67 53 -3 67 53 67 53 -108 -3 18 18 67 53 -24 -24 -185 -94 -24 46 32 46 32 -24 18 18 67 53 -3 67 53 67 53 -108 -24 46 32 46 32 -24 -185 -94 -24 -24
-167 -76 29 29 99 92 -167 -83 -83 -13 -20 29 29 99 92 -13 78 71 78 71 -174 -76 29 29 99 92 -90 -90 -125 -132 -6 85 78 85 78 -62 29 29 99 92 -13 78 71 78 71 -174 -6 85 78 85 78 -62 -272 -174 -83 -83
-12 -96 44 44 44 37 -12 2 2 -208 -110 44 44 44 37 -68 58 51 58 51 -54 -96 44 44 44 37 -61 -61 -61 -68 -152 79 72 79 72 -33 44 44 44 37 -68 58 51 58 51 -54 -152 79 72 79 72 -33 -33 -40 -124 -124
19 -16 82 75 19 -79 19 96 89 -72 -170 82 75 19 -79 -163 96 -2 89 -9 -170 -16 82 75 -86 26 -268 -170 -16 -9 -72 82 89 75 82 26 82 75 -86 26 -58 -114 103 -121 96 -65 -72 82 89 75 82 26 -58 -261 103 96
-97 -48 29 29 64 64 -97 -146 -146 -6 -6 29 29 64 64 -41 120 120 120 120 -265 -55 22 22 57 57 -34 -34 -104 -104 -83 78 78 78 78 -97 22 22 57 57 -48 113 113 113 113 -167 -83 78 78 78 78 -97 -202 -202 -41 -41
-86 -44 68 68 33 26 -86 5 5 -240 -142 68 68 33 26 -261 124 117 124 117 -23 -51 61 61 26 19 -107 -107 -37 -44 -100 75 68 75 68 -72 61 61 26 19 -163 117 110 117 110 -30 -100 75 68 75 68 -72 -44 -51 -191 -191
54 -72 40 40 54 -16 47 54 54 -37 -212 33 33 47 -23 -65 54 -16 54 -16 -107 -23 89 89 -212 54 -142 -142 -23 -72 -30 89 40 89 40 54 82 82 -114 47 -121 -2 54 -2 54 -37 -37 82 33 82 33 47 -226 -65 54 54
-57 6 13 13 83 83 -57 -71 -71 -106 -106 13 13 83 83 -127 69 69 69 69 -71 13 20 20 90 90 -22 -22 -197 -197 -36 55 55 55 55 -120 20 20 90 90 -225 76 76 76 76 -64 -36 55 55 55 55 -120 20 20 -99 -99
-100 -51 26 26 68 61 -100 -149 -149 -2 -9 26 26 68 61 -23 124 117 124 117 -261 -58 19 19 61 54 -37 -37 -100 -107 -65 82 75 82 75 -93 19 19 61 54 -30 117 110 117 110 -163 -65 82 75 82 75 -93 -282 -184 -37 -37
55 -8 55 -218 69 69 55 -113 -50 27 27 55 -113 69 69 -50 27 27 -36 -36 20 -50 -8 55 27 27 -50 -8 -71 -71 55 27 27 69 69 -120 -8 55 27 27 -113 -36 -36 27 27 -22 55 27 27 69 69 -225 27 27 -22 20
57 -69 43 43 50 -13 50 57 57 -41 -209 36 36 43 -20 -83 50 -13 50 -13 -111 -20 92 92 -216 57 -139 -139 -27 -69 -48 85 43 85 43 50 85 85 -118 50 -139 -6 57 -6 57 -41 -55 78 36 78 36 43 -146 -83 50 50
-11 -11 10 10 31 17 -11 -11 -11 -60 -74 10 10 31 17 -11 31 17 31 17 -32 -11 10 10 31 17 -11 -11 -130 -39 -11 31 17 31 17 3 10 10 31 17 -11 31 17 31 17 -32 -11 31 17 31 17 3 -130 -39 3 3
-46 -151 66 66 59 52 -46 -144 -144 -46 -53 66 66 59 52 -53 66 59 66 59 -53 -249 73 73 66 59 -32 -32 -39 -46 -46 73 66 73 66 -151 73 73 66 59 -46 73 66 73 66 -46 -46 73 66 73 66 -151 -256 -158 -39 -39
-10 -21 4 4 11 10 -10 -3 -3 -41 -27 4 4 11 10 -7 18 17 18 17 -6 -21 4 4 11 10 -7 -7 0 -1 -15 10 9 10 9 -14 4 4 11 10 -7 18 17 18 17 -6 -15 10 9 10 9 -14 -21 -22 -27 -27
47 -51 47 -219 54 47 47 -65 -16 47 40 47 -114 54 47 -16 47 40 -9 -16 -58 -121 -23 47 89 82 -121 -51 -9 -16 47 89 82 54 47 -121 -23 47 89 82 -65 -233 -135 47 40 -23 47 89 82 54 47 -226 47 40 -23 -58
-66 -10 60 60 39 39 -66 -157 -157 -38 -38 60 60 39 39 -157 88 88 88 88 -59 -10 60 60 39 39 -10 -10 -136 -136 -66 39 39 39 39 -108 60 60 39 39 -157 88 88 88 88 -59 -66 39 39 39 39 -108 -38 -38 -59 -59
-88 -144 31 31 73 73 -88 -39 -39 -207 -207 31 31 73 73 -46 122 122 122 122 -46 -144 31 31 73 73 -46 -46 -4 -4 -102 66 66 66 66 -102 31 31 73 73 -46 122 122 122 122 -46 -102 66 66 66 66 -102 -151 -151 -193 -193
78 -97 78 -188 71 64 78 -83 -13 36 29 78 -188 71 64 -13 36 29 -20 -27 -83 -167 -13 78 106 99 -167 -97 -69 -76 78 106 99 71 64 -118 -13 78 106 99 -83 -265 -167 36 29 -48 78 106 99 71 64 -118 36 29 -48 -83
-101 -52 32 32 60 60 -101 -38 -38 -10 -10 32 32 60 60 -31 18 18 18 18 -59 -52 32 32 60 60 -45 -45 -227 -122 18 67 67 67 67 -10 32 32 60 60 -31 18 18 18 18 -59 18 67 67 67 67 -10 -101 -206 -52 -52
88 -164 -73 39 88 39 81 -38 39 -38 39 -80 32 81 32 -87 -38 -87 39 -31 39 -3 88 60 -227 60 -164 -52 -3 -52 39 88 39 60 -10 60 81 53 -129 53 39 -38 39 -66 -115 -66 32 81 32 53 -17 53 39 -31 39 -115
-54 -54 65 65 72 72 -54 -166 -166 -54 -54 65 65 72 72 -47 65 65 65 65 -159 -54 65 65 72 72 -61 -61 -159 -159 -152 65 65 65 65 -54 65 65 72 72 -47 65 65 65 65 -159 -152 65 65 65 65 -54 -47 -47 -61 -61
-57 -113 55 55 34 27 -57 -120 -120 -36 -43 55 55 34 27 -29 76 69 76 69 -57 -211 62 62 41 34 6 6 -15 -22 -57 48 41 48 41 -85 62 62 41 34 -22 83 76 83 76 -50 -57 48 41 48 41 -85 -246 -148 -43 -43
-44 -58 82 82 40 40 -44 -135 -135 -72 -72 82 82 40 40 -30 54 54 54 54 -114 -58 82 82 40 40 -58 -58 -100 -100 -149 40 40 40 40 -23 82 82 40 40 -30 54 54 54 54 -114 -149 40 40 40 40 -23 -72 -72 -9 -9
-9 -9 12 12 26 19 -9 -9 -9 -135 -37 12 12 26 19 -9 26 19 26 19 -2 -9 12 12 26 19 -9 -9 -135 -37 -9 26 19 26 19 -2 12 12 26 19 -9 26 19 26 19 -2 -9 26 19 26 19 -2 -30 -142 -2 -2
-78 -8 -1 -1 97 97 -78 -92 -92 -29 -29 -1 -1 97 97 -36 83 83 83 83 -274 -15 -8 -8 90 90 -43 -43 -155 -155 -57 62 62 62 62 -50 -8 -8 90 90 -43 76 76 76 76 -176 -57 62 62 62 62 -50 -78 -78 -64 -64
73 -46 66 66 66 -39 66 73 73 -32 -242 59 59 59 -46 -165 66 -39 66 -39 -144 -39 73 73 -242 73 -151 -151 -46 -46 -60 66 66 66 66 66 66 66 -144 66 -53 -32 73 -32 73 -32 -67 59 59 59 59 59 -60 -165 66 66
-103 -47 93 93 16 9 -103 16 16 -271 -173 93 93 16 9 -229 135 128 135 128 -54 -47 93 93 16 9 -166 -166 -33 -40 -152 107 100 107 100 -82 93 93 16 9 -229 135 128 135 128 -54 -152 107 100 107 100 -82 -110 -117 -173 -173
-45 -3 18 18 95 88 -45 -45 -45 -283 -185 18 18 95 88 -108 95 88 95 88 -45 -3 18 18 95 88 -66 -66 -94 -101 -66 32 25 32 25 -108 18 18 95 88 -108 95 88 95 88 -45 -66 32 25 32 25 -108 11 4 -108 -108
43 -13 50 50 36 -41 43 85 85 -69 -251 50 50 36 -41 -118 78 1 78 1 -153 -27 36 36 -83 50 -125 -125 -34 -6 -62 29 57 29 57 43 36 36 -83 50 -27 -41 92 -41 92 -62 -62 29 57 29 57 43 -34 -216 85 85
81 -157 -66 39 81 39 81 -38 32 -52 32 -66 39 81 39 -80 -38 -80 32 -31 32 -3 88 53 -136 53 -255 -45 -3 -45 46 88 46 53 -10 53 88 53 -136 53 39 -45 39 -80 -122 -80 46 88 46 53 -10 53 39 -24 39 -122
146 -99 20 20 146 -1 146 55 55 -155 -176 20 20 146 -1 -92 55 -92 55 -92 -176 -218 146 146 -204 146 -99 -99 -218 -99 -211 146 20 146 20 146 146 146 -204 146 34 -155 55 -155 55 -155 -211 146 20 146 20 146 34 -92 55 55
85 -83 85 -272 78 78 78 -90 -6 29 29 78 -174 71 71 -6 29 29 -13 -13 -83 -167 -20 85 99 99 -167 -83 -69 -69 85 99 99 78 78 -118 -27 78 92 92 -90 -181 -181 29 29 -62 78 92 92 71 71 -125 29 29 -62 -83
-9 -9 12 12 33 12 -9 -9 -9 -128 -44 12 12 33 12 -9 33 12 33 12 -2 -9 12 12 33 12 -9 -9 -128 -44 -9 33 12 33 12 -2 12 12 33 12 -9 33 12 33 12 -2 -9 33 12 33 12 -2 -128 -44 -2 -2
-76 -6 15 15 64 64 -76 -76 -76 -27 -27 15 15 64 64 -6 64 64 64 64 -202 -13 8 8 57 57 -27 -27 -83 -188 -27 43 43 43 43 -13 8 8 57 57 -13 57 57 57 57 -104 -27 43 43 43 43 -13 -188 -83 -13 -13
-33 -54 44 44 86 79 -33 -61 -61 -229 -131 44 44 86 79 -110 58 51 58 51 -12 -54 44 44 86 79 -103 -103 -61 -68 -26 37 30 37 30 -138 44 44 86 79 -110 58 51 58 51 -12 -26 37 30 37 30 -138 -12 -19 -61 -61
15 -55 15 -111 57 50 29 -27 -27 36 29 29 -202 71 64 -27 36 29 15 8 -34 -55 -6 15 57 50 -55 -55 -13 -20 15 57 50 57 50 -118 8 29 71 64 -27 -195 -97 36 29 -34 29 71 64 71 64 -209 36 29 -34 -34
20 -43 20 -204 69 69 20 -43 -36 27 27 20 -99 69 69 -36 27 27 13 13 -29 -50 -8 20 62 62 -50 -43 -36 -36 20 62 62 69 69 -134 -8 20 62 62 -43 -106 -106 27 27 -36 20 62 62 69 69 -239 27 27 -36 -29
-153 -27 43 43 85 85 -153 -83 -83 -41 -41 43 43 85 85 -13 50 50 50 50 -118 -27 43 43 85 85 -62 -62 -230 -125 -13 50 50 50 50 -13 43 43 85 85 -13 50 50 50 50 -118 -13 50 50 50 50 -13 -111 -216 -48 -48
47 -37 40 -114 47 47 61 -72 -16 40 40 54 -205 61 61 -23 33 33 -16 -16 -65 -212 -30 47 82 82 -114 -37 -2 -2 40 75 75 47 47 -128 -16 61 96 96 -72 -142 -142 40 40 -30 54 89 89 61 61 -219 33 33 -37 -65
-111 -48 64 57 29 29 -111 -20 -27 -160 -160 64 57 29 29 -167 120 120 113 113 -20 -48 64 57 29 29 -104 -111 -34 -34 -104 78 78 71 71 -62 64 57 29 29 -167 120 120 113 113 -20 -104 78 78 71 71 -62 -48 -48 -286 -188
-71 -8 13 13 62 62 -71 -71 -71 -57 -57 13 13 62 62 -8 62 62 62 62 -134 -8 13 13 62 62 -29 -29 -85 -190 -29 41 41 41 41 -15 13 13 62 62 -8 62 62 62 62 -134 -29 41 41 41 41 -15 -190 -85 -15 -15
-150 -45 46 46 88 81 -150 -80 -80 -38 -45 46 46 88 81 -10 53 46 53 46 -122 -45 46 46 88 81 -80 -80 -143 -150 -10 53 46 53 46 -17 46 46 88 81 -10 53 46 53 46 -122 -10 53 46 53 46 -17 -213 -115 -52 -52
7 -5 7 -28 10 10 5 -6 -3 0 0 5 -15 8 8 -3 0 0 0 0 0 -8 -4 7 7 7 -8 -5 -5 -5 7 7 7 10 10 -28 -6 5 5 5 -6 -6 -6 0 0 -3 5 5 5 8 8 -15 0 0 -3 0
13 -57 13 -120 62 55 20 -36 -43 34 27 20 -113 69 62 -43 34 27 6 -1 -29 -50 -1 13 69 62 -50 -57 -36 -43 13 69 62 62 55 -134 6 20 76 69 -36 -190 -92 34 27 -22 20 76 69 69 62 -232 34 27 -22 -29
27 -43 27 -197 76 76 13 -43 -36 27 27 13 -106 62 62 -36 27 27 13 13 -29 -50 -1 27 69 69 -50 -43 -36 -36 27 69 69 76 76 -232 -15 13 55 55 -43 -106 -106 27 27 -36 13 55 55 62 62 -141 27 27 -36 -29
-52 -3 53 53 53 46 -52 -17 -17 -262 -164 53 53 53 46 -122 88 81 88 81 -59 -3 53 53 53 46 -129 -129 -24 -31 -73 32 25 32 25 -80 53 53 53 46 -122 88 81 88 81 -59 -73 32 25 32 25 -80 -38 -45 -45 -45
40 -51 40 -121 47 40 54 -65 -16 47 40 54 -212 61 54 -16 47 40 -9 -16 -58 -121 -30 40 82 75 -121 -51 -9 -16 40 82 75 47 40 -128 -16 54 96 89 -65 -233 -135 47 40 -23 54 96 89 61 54 -219 47 40 -23 -58
-17 -94 32 32 74 74 -17 -17 -17 -185 -185 32 32 74 74 -94 74 74 74 74 -94 -94 32 32 74 74 -66 -66 -129 -129 -171 102 102 102 102 -66 32 32 74 74 -94 74 74 74 74 -94 -171 102 102 102 102 -66 -24 -24 -171 -171
-29 -1 6 6 20 20 -29 -29 -29 -15 -15 6 6 20 20 -1 20 20 20 20 -36 -1 6 6 20 20 -8 -8 -64 -29 -8 13 13 13 13 -8 6 6 20 20 -1 20 20 20 20 -36 -8 13 13 13 13 -8 -29 -64 -8 -8
81 -178 32 32 74 -10 81 60 60 -38 -227 32 32 74 -10 -10 53 -31 53 -31 -129 11 11 11 -52 74 -38 -38 4 -80 -59 4 25 4 25 67 11 11 -52 74 -31 -73 53 -73 53 -45 -59 4 25 4 25 67 -38 -17 46 46
36 -6 57 50 36 -48 36 78 71 -83 -167 57 50 36 -48 -118 78 -6 71 -13 -167 -20 43 36 -83 43 -209 -111 -20 1 -48 43 64 36 57 43 43 36 -83 43 -27 -41 85 -48 78 -76 -48 43 64 36 57 43 -27 -216 85 78
-141 -64 41 41 83 76 -141 -57 -57 -15 -22 41 41 83 76 -1 62 55 62 55 -218 -71 34 34 76 69 -99 -99 -57 -64 -15 48 41 48 41 -22 34 34 76 69 -8 55 48 55 48 -120 -15 48 41 48 41 -22 -204 -106 -43 -43
33 -9 82 75 26 -72 33 103 96 -58 -261 82 75 26 -72 -170 96 -2 89 -9 -163 -9 82 75 -79 33 -275 -177 -16 -9 -86 75 82 68 75 26 82 75 -79 33 -65 -114 103 -121 96 -58 -86 75 82 68 75 26 -72 -170 96 89
6 -5 6 -29 9 9 6 -6 -3 0 0 6 -14 9 9 -3 0 0 0 0 0 -8 -5 6 6 6 -8 -5 -5 -5 6 6 6 9 9 -14 -5 6 6 6 -6 -6 -6 0 0 -3 6 6 6 9 9 -29 0 0 -3 0
-43 13 27 27 62 55 -43 -50 -50 -120 -127 27 27 62 55 -106 55 48 55 48 -22 20 34 34 69 62 -15 -15 -225 -127 -22 34 27 34 27 -78 34 34 69 62 -204 62 55 62 55 -15 -22 34 27 34 27 -78 6 -1 -50 -50
97 -204 20 20 97 -29 97 90 90 -78 -204 20 20 97 -29 -8 90 -36 90 -36 -204 20 34 34 -99 90 -57 -57 20 -106 -64 34 13 34 13 90 34 34 -99 90 -99 -106 83 -106 83 -85 -64 34 13 34 13 90 -99 -15 83 83
-29 -8 13 13 97 90 -29 -29 -29 -295 -197 13 13 97 90 -113 97 90 97 90 -71 -8 13 13 97 90 -71 -71 -92 -99 -71 34 27 34 27 -99 13 13 97 90 -113 97 90 97 90 -71 -71 34 27 34 27 -99 13 6 -99 -99
-4 3 10 10 38 24 -4 -18 -18 -130 -39 10 10 38 24 -25 24 10 24 10 3 3 10 10 38 24 -4 -4 -151 -60 -18 31 17 31 17 -25 10 10 38 24 -25 24 10 24 10 3 -18 31 17 31 17 -25 -39 -53 -4 -4
-6 -1 4 4 9 8 -6 -4 -4 -34 -20 4 4 9 8 -12 11 10 11 10 -5 -1 4 4 9 8 -9 -9 -4 -5 -7 1 0 1 0 -10 4 4 9 8 -12 11 10 11 10 -5 -7 1 0 1 0 -10 0 -1 -8 -8
-104 -41 1 1 78 71 -104 -83 -83 -6 -13 1 1 78 71 1 99 92 99 92 -251 -48 -6 -6 71 64 -48 -48 -76 -83 -27 71 64 71 64 -69 -6 -6 71 64 -6 92 85 92 85 -153 -27 71 64 71 64 -69 -244 -146 -48 -48
-78 -36 41 34 48 41 -78 -22 -29 -225 -127 41 34 48 41 -120 104 97 97 90 -1 -36 41 34 48 41 -43 -50 -36 -43 -78 41 34 34 27 -64 41 34 48 41 -120 104 97 97 90 -1 -78 41 34 34 27 -64 -15 -22 -218 -120
69 -43 69 69 62 -50 69 76 76 -36 -253 69 69 62 -50 -155 69 -43 69 -43 -155 -50 62 62 -155 69 -155 -155 -57 -43 -64 55 69 55 69 62 62 62 -155 69 -57 -43 76 -43 76 -36 -64 55 69 55 69 62 -64 -155 69 69
-93 -51 61 54 33 26 -93 -2 -9 -240 -142 61 54 33 26 -170 124 117 117 110 -16 -51 61 54 33 26 -107 -114 -30 -37 -107 82 75 75 68 -58 61 54 33 26 -170 124 117 117 110 -16 -107 82 75 75 68 -58 -44 -51 -282 -184
-97 -41 64 64 36 29 -97 -13 -13 -251 -153 64 64 36 29 -167 120 113 120 113 -20 -41 64 64 36 29 -111 -111 -34 -41 -111 71 64 71 64 -69 64 64 36 29 -167 120 113 120 113 -20 -111 71 64 71 64 -69 -55 -62 -195 -195
-139 -41 43 43 92 78 -139 -76 -76 -27 -41 43 43 92 78 -20 50 36 50 36 -125 -41 43 43 92 78 -69 -69 -230 -139 -6 64 50 64 50 -6 43 43 92 78 -20 50 36 50 36 -125 -6 64 50 64 50 -6 -209 -118 -48 -48
-108 -178 11 11 88 88 -178 11 11 88 88 -59 -59 18 18 -101 102 102 102 102 -157 -108 -45 -45 -178 -178 11 11 88 88 -52 151 151 151 151 -108 11 11 88 88 -52 151 151 151 151 -108 -101 102 102 102 102 -157 -206 -206 -234 -234
-64 -1 62 62 41 41 -64 -162 -162 -43 -43 62 62 41 41 -162 83 83 83 83 -43 -1 62 62 41 41 -1 -1 -162 -162 -64 41 41 41 41 -120 62 62 41 41 -162 83 83 83 83 -43 -64 41 41 41 41 -120 -43 -43 -43 -43
-46 -81 3 3 52 45 -46 17 17 -249 -151 3 3 52 45 -60 115 108 115 108 -53 -81 3 3 52 45 -53 -53 -4 -11 -95 80 73 80 73 -88 3 3 52 45 -60 115 108 115 108 -53 -95 80 73 80 73 -88 -123 -130 -165 -165
29 -27 29 -83 57 57 22 -48 -34 1 1 22 -90 50 50 -34 1 1 -6 -6 8 -41 -6 29 43 43 -41 -27 -48 -48 29 43 43 57 57 -195 -13 22 36 36 -48 -34 -34 1 1 -6 22 36 36 50 50 -97 1 1 -6 8
12 -58 89 89 12 12 12 -191 -191 -23 -23 89 89 12 12 -114 54 54 54 54 -44 -58 89 89 12 12 -107 -107 -79 -79 -65 68 68 68 68 -135 89 89 12 12 -114 54 54 54 54 -44 -65 68 68 68 68 -135 -100 -100 12 12
15 -69 15 15 71 64 15 -27 -27 -181 -83 15 15 71 64 -48 29 22 29 22 -27 -69 15 15 71 64 -90 -90 -34 -41 -27 50 43 50 43 -111 15 15 71 64 -48 29 22 29 22 -27 -27 50 43 50 43 -111 -13 -20 -48 -48
-73 4 25 25 53 53 -73 -73 -73 -45 -45 25 25 53 53 -101 53 53 53 53 -45 4 25 25 53 53 -24 -24 -101 -101 -24 25 25 25 25 -73 25 25 53 53 -101 53 53 53 53 -45 -24 25 25 25 25 -73 4 4 -73 -73
-17 -38 -3 -3 46 46 -17 -3 -3 -129 -129 -3 -3 46 46 -10 60 60 60 60 -66 -38 -3 -3 46 46 -45 -45 -31 -31 -31 39 39 39 39 -52 -3 -3 46 46 -10 60 60 60 60 -66 -31 39 39 39 39 -52 -108 -108 -38 -38
18 -3 18 -136 25 25 18 -17 -10 11 11 18 -31 25 25 -10 11 11 -3 -3 -3 -10 -45 18 18 18 -10 -3 -3 -3 18 18 18 25 25 -31 -45 18 18 18 -17 -17 -17 11 11 -10 18 18 18 25 25 -136 11 11 -10 -3
-59 -31 25 25 81 74 -59 -24 -24 -283 -185 25 25 81 74 -150 116 109 116 109 -45 -31 25 25 81 74 -52 -52 -101 -108 -101 60 53 60 53 -101 25 25 81 74 -150 116 109 116 109 -45 -101 60 53 60 53 -101 -10 -17 -171 -171
-6 -69 50 50 43 43 -6 -118 -118 -20 -20 50 50 43 43 -62 36 36 36 36 -97 -69 50 50 43 43 -34 -34 -146 -146 -125 78 78 78 78 -55 50 50 43 43 -62 36 36 36 36 -97 -125 78 78 78 78 -55 -34 -34 -62 -62
-79 -9 -2 -2 89 89 -79 -93 -93 -37 -37 -2 -2 89 89 -37 75 75 75 75 -184 -9 -2 -2 89 89 -37 -37 -156 -156 -51 61 61 61 61 -58 -2 -2 89 89 -37 75 75 75 75 -184 -51 61 61 61 61 -58 -79 -79 -72 -72
-3 -3 11 11 32 18 -3 -10 -10 -129 -38 11 11 32 18 -17 25 11 25 11 -3 -3 11 11 32 18 -10 -10 -129 -38 -17 25 11 25 11 -3 11 11 32 18 -17 25 11 25 11 -3 -17 25 11 25 11 -3 -38 -52 -10 -10
44 2 58 51 37 -47 44 79 72 -47 -236 58 51 37 -47 -124 72 -12 65 -19 -138 -12 44 37 -82 44 -208 -110 -19 2 -54 37 58 30 51 37 44 37 -82 44 -33 -47 79 -54 72 -47 -54 37 58 30 51 37 -40 -124 72 65
-7 -17 7 7 7 6 -7 -1 -1 -31 -17 7 7 7 6 -20 13 12 13 12 -3 -17 7 7 7 6 -3 -3 -3 -4 -12 6 5 6 5 -10 7 7 7 6 -20 13 12 13 12 -3 -12 6 5 6 5 -10 -6 -7 -19 -19
-41 -55 78 78 43 43 -41 -139 -139 -69 -69 78 78 43 43 -20 50 50 50 50 -111 -55 78 78 43 43 -62 -62 -97 -97 -139 36 36 36 36 -20 78 78 43 43 -20 50 50 50 50 -111 -139 36 36 36 36 -20 -62 -62 -13 -13
2 -12 9 9 30 23 2 2 2 -152 -54 9 9 30 23 -12 30 23 30 23 -26 -12 9 9 30 23 -26 -26 -40 -47 -26 16 9 16 9 -5 9 9 30 23 -12 30 23 30 23 -26 -26 16 9 16 9 -5 -40 -47 -5 -5
8 -7 8 -30 7 7 7 -11 -1 6 6 7 -16 6 6 -1 6 6 -2 -2 -10 -17 -5 8 12 12 -17 -7 -3 -3 8 12 12 7 7 -19 -6 7 11 11 -11 -22 -22 6 6 -5 7 11 11 6 6 -20 6 6 -5 -10
-66 -24 46 39 46 39 -66 -17 -24 -227 -129 46 39 46 39 -122 95 88 88 81 -17 -24 46 39 46 39 -122 -129 -17 -24 -59 53 46 46 39 -59 46 39 46 39 -122 95 88 88 81 -17 -59 53 46 46 39 -59 -10 -17 -220 -122
-95 -46 31 31 66 59 -95 -39 -39 -4 -11 31 31 66 59 -39 17 10 17 10 -60 -46 31 31 66 59 -46 -46 -221 -123 10 66 59 66 59 -11 31 31 66 59 -39 17 10 17 10 -60 10 66 59 66 59 -11 -109 -116 -60 -60
-20 -41 1 1 36 29 -20 1 1 -174 -76 1 1 36 29 1 57 50 57 50 -20 -41 1 1 36 29 -41 -41 -6 -13 -20 36 29 36 29 -41 1 1 36 29 1 57 50 57 50 -20 -20 36 29 36 29 -41 -104 -111 -55 -55
-27 -132 92 92 43 43 -27 -139 -139 -83 -83 92 92 43 43 -20 36 36 36 36 -34 -132 92 92 43 43 -34 -34 -83 -83 -125 36 36 36 36 -34 92 92 43 43 -20 36 36 36 36 -34 -125 36 36 36 36 -34 -76 -76 -41 -41
-12 -1 0 0 13 13 -12 -14 -14 -1 -1 0 0 13 13 -5 11 11 11 11 -36 -2 -1 -1 12 12 -5 -5 -22 -22 -7 9 9 9 9 -8 -1 -1 12 12 -6 10 10 10 10 -22 -7 9 9 9 9 -8 -11 -11 -10 -10
73 -137 -46 52 73 52 66 -53 10 10 10 -53 45 66 45 -74 -53 -74 10 -32 10 -18 73 31 -179 31 -137 -39 -18 -39 52 73 52 31 -11 31 66 24 -81 24 10 10 10 -32 -53 -32 45 66 45 24 -18 24 10 -32 10 -53
-78 -148 27 27 69 69 -148 27 27 69 69 -43 -43 -1 -1 -99 69 69 69 69 -99 -78 -29 -29 -197 -197 27 27 69 69 -50 118 118 118 118 -50 27 27 69 69 -50 118 118 118 118 -50 -99 69 69 69 69 -99 -148 -148 -190 -190
-40 -131 37 37 79 79 -47 -89 -89 -47 -47 30 30 72 72 -33 30 30 30 30 -33 -229 44 44 86 86 -47 -47 -5 -5 -5 58 58 58 58 -215 37 37 79 79 -26 37 37 37 37 -26 -12 51 51 51 51 -117 -117 -117 -54 -54
-2 -13 4 4 11 11 -2 -3 -3 -26 -26 4 4 11 11 -12 10 10 10 10 -13 -13 4 4 11 11 -10 -10 -18 -18 -23 14 14 14 14 -9 4 4 11 11 -12 10 10 10 10 -13 -23 14 14 14 14 -9 -2 -2 -25 -25
61 -198 33 33 61 -44 61 61 61 -16 -121 33 33 61 -44 12 61 -44 61 -44 -121 5 26 26 -51 54 -23 -23 5 -100 -23 26 26 26 26 54 26 26 -51 54 -135 -86 54 -86 54 -23 -23 26 26 26 26 54 -135 5 54 54
87 -53 17 17 87 -4 87 31 31 -109 -95 17 17 87 -4 -60 31 -60 31 -60 -95 -193 87 87 -53 87 -53 -53 -193 -53 -109 87 17 87 17 87 87 87 -53 87 10 -109 31 -109 31 -109 -109 87 17 87 17 87 10 -60 31 31
-44 -107 26 26 61 54 -44 -37 -37 -212 -114 26 26 61 54 12 68 61 68 61 -9 -107 26 26 61 54 -37 -37 -2 -9 -30 26 19 26 19 -51 26 26 61 54 12 68 61 68 61 -9 -30 26 19 26 19 -51 -128 -135 -79 -79
-47 -75 -82 -82 -47 -75 -26 107 107 -19 -26 79 79 -26 -75 -138 107 79 107 79 -26 -26 107 107 -19 -26 79 79 -26 -75 -138 107 79 107 79 -26 107 107 -19 -47 -110 -236 107 -236 107 -19 -138 107 -82 107 -82 -47 -110 -138 107 107
-58 5 26 26 47 40 -58 -58 -58 -37 -44 26 26 47 40 -100 47 40 47 40 -44 12 33 33 54 47 -9 -9 -198 -100 -9 33 26 33 26 -58 33 33 54 47 -198 54 47 54 47 -37 -9 33 26 33 26 -58 12 5 -58 -58
19 -51 19 -107 68 68 12 -44 -44 26 26 12 -114 61 61 -44 26 26 5 5 -30 -51 -2 19 68 68 -51 -51 -37 -37 19 68 68 68 68 -233 -9 12 61 61 -44 -100 -100 26 26 -30 12 61 61 61 61 -135 26 26 -30 -30
-11 -1 2 2 9 7 -11 -11 -11 -4 -6 2 2 9 7 -1 9 7 9 7 -16 -1 2 2 9 7 -3 -3 -26 -13 -3 7 5 7 5 -3 2 2 9 7 -1 9 7 9 7 -16 -3 7 5 7 5 -3 -26 -13 -3 -3
65 -47 65 65 65 -47 58 65 65 -40 -152 58 58 58 -54 -166 65 -47 65 -47 -152 -40 72 72 -243 65 -145 -145 -40 -47 -54 72 65 72 65 65 65 65 -145 58 -54 -33 65 -33 65 -40 -61 65 58 65 58 58 -54 -166 65 65
-59 -17 53 53 46 39 -59 -10 -10 -227 -129 53 53 46 39 -213 95 88 95 88 -24 -24 46 46 39 32 -122 -122 -24 -31 -52 46 39 46 39 -73 46 46 39 32 -115 88 81 88 81 -31 -52 46 39 46 39 -73 -10 -17 -129 -129
-29 -57 -8 -8 -29 -57 6 55 55 -71 6 27 27 6 -43 -50 55 27 55 27 6 6 55 55 -71 6 27 27 6 -43 -50 55 27 55 27 6 69 69 -57 -1 -148 -43 69 -43 69 -57 -36 69 -85 69 -85 -1 -148 -36 69 69
-62 -181 127 127 8 8 -62 -174 -174 -83 -83 127 127 8 8 -111 106 106 106 106 -34 -181 127 127 8 8 8 8 -111 -111 -230 92 92 92 92 -48 127 127 8 8 -111 106 106 106 106 -34 -230 92 92 92 92 -48 -146 -146 -160 -160
-57 -1 27 27 48 48 -57 -85 -85 -29 -29 27 27 48 48 -127 55 55 55 55 -50 -1 27 27 48 48 -22 -22 -106 -106 -15 27 27 27 27 -78 27 27 48 48 -127 55 55 55 55 -50 -15 27 27 27 27 -78 13 13 -71 -71
-27 -6 15 15 15 15 -27 -13 -13 -48 -48 15 15 15 15 -48 29 29 29 29 -6 -6 15 15 15 15 -6 -6 -41 -41 -27 15 15 15 15 -20 15 15 15 15 -48 29 29 29 29 -6 -27 15 15 15 15 -20 -13 -13 -41 -41
11 -13 11 -26 10 10 11 -13 -2 4 4 11 -26 10 10 -2 4 4 -3 -3 -12 -24 -3 11 14 14 -24 -13 -10 -10 11 14 14 10 10 -17 -3 11 14 14 -13 -25 -25 4 4 -8 11 14 14 10 10 -17 4 4 -8 -12
5 -2 7 7 5 -7 5 11 11 -11 -23 7 7 5 -7 -17 11 -1 11 -1 -23 -4 5 5 -12 6 -17 -17 -4 -1 -8 5 8 5 8 6 5 5 -12 6 -4 -6 12 -6 12 -10 -8 5 8 5 8 6 -4 -31 12 12
-13 -13 29 29 29 29 -13 -132 -132 8 8 29 29 29 29 -90 50 50 50 50 -55 -13 29 29 29 29 8 8 -132 -132 -55 50 50 50 50 -90 29 29 29 29 -90 50 50 50 50 -55 -55 50 50 50 50 -90 -34 -34 -34 -34
-38 -115 102 102 -17 -17 -38 -136 -136 -45 -45 102 102 -17 -17 -122 95 95 95 95 -45 -115 102 102 -17 -17 4 4 -115 -115 -220 102 102 102 102 -38 102 102 -17 -17 -122 95 95 95 95 -45 -220 102 102 102 102 -38 -122 -122 -136 -136
61 -51 61 -205 40 40 54 -65 5 40 40 54 -107 33 33 5 40 40 -16 -16 -86 -121 -30 61 75 75 -121 -51 -37 -37 61 75 75 40 40 -51 -37 54 68 68 -65 -156 -156 40 40 -51 54 68 68 33 33 -58 40 40 -51 -86
-87 -45 60 60 32 25 -87 -3 -3 -241 -143 60 60 32 25 -171 116 109 116 109 -24 -45 60 60 32 25 -108 -108 -31 -38 -108 74 67 74 67 -66 60 60 32 25 -171 116 109 116 109 -24 -108 74 67 74 67 -66 -52 -59 -192 -192
-62 1 8 8 71 71 -62 -76 -76 -13 -13 8 8 71 71 -27 57 57 57 57 -216 -6 1 1 64 64 -41 -41 -83 -83 -55 29 29 29 29 -34 1 1 64 64 -34 50 50 50 50 -118 -55 29 29 29 29 -34 -6 -6 -48 -48
-60 -4 52 52 45 45 -60 -25 -25 -172 -172 52 52 45 45 -123 80 80 80 80 -67 -4 52 52 45 45 -123 -123 -25 -25 -67 31 31 31 31 -81 52 52 45 45 -123 80 80 80 80 -67 -67 31 31 31 31 -81 -39 -39 -46 -46
-30 -37 12 12 40 33 -30 -2 -2 -184 -86 12 12 40 33 -65 68 61 68 61 -16 -37 12 12 40 33 -16 -16 -93 -100 -72 61 54 61 54 -23 12 12 40 33 -65 68 61 68 61 -16 -72 61 54 61 54 -23 -51 -58 -135 -135
-20 -7 6 6 12 11 -20 -10 -10 -4 -5 6 6 12 11 -2 7 6 7 6 -18 -7 6 6 12 11 -11 -11 -20 -21 -1 8 7 8 7 -2 6 6 12 11 -2 7 6 7 6 -18 -1 8 7 8 7 -2 -30 -16 -7 -7
-47 -152 65 65 65 65 -54 -152 -152 -47 -47 58 58 58 58 -61 65 65 65 65 -40 -152 65 65 65 65 -40 -40 -40 -40 -54 72 72 72 72 -243 58 58 58 58 -61 65 65 65 65 -40 -61 65 65 65 65 -145 -159 -159 -33 -33
113 -97 36 36 113 15 113 36 36 -97 -195 36 36 113 15 -62 36 -62 36 -62 -195 -160 113 113 -160 113 -97 -97 -160 -97 -195 113 36 113 36 113 113 113 -160 113 15 -97 36 -97 36 -97 -195 113 36 113 36 113 15 -62 36 36
-10 -2 6 6 8 7 -10 -5 -5 -33 -19 6 6 8 7 -19 13 12 13 12 -1 -2 6 6 8 7 -4 -4 -17 -18 -11 6 5 6 5 -8 6 6 8 7 -19 13 12 13 12 -1 -11 6 5 6 5 -8 -4 -5 -18 -18
33 -30 33 -191 68 68 26 -37 -30 19 19 26 -93 61 61 -30 19 19 5 5 -51 -37 5 33 61 61 -37 -30 -142 -142 33 61 61 68 68 -44 -2 26 54 54 -37 -114 -114 19 19 -58 26 54 54 61 61 -51 19 19 -58 -51
-143 -31 39 39 88 74 -143 -73 -73 -24 -38 39 39 88 74 -17 53 39 53 39 -122 -31 39 39 88 74 -59 -59 -220 -129 -10 60 46 60 46 -10 39 39 88 74 -17 53 39 53 39 -122 -10 60 46 60 46 -10 -206 -115 -45 -45
7 -1 7 7 6 -6 7 12 12 -9 -36 7 7 6 -6 -18 11 -1 11 -1 -22 -3 5 5 -11 7 -18 -18 -4 -1 -10 4 7 4 7 6 5 5 -11 7 -5 -6 12 -6 12 -9 -10 4 7 4 7 6 -6 -18 11 11
-23 -58 40 40 82 75 -23 -51 -51 -219 -121 40 40 82 75 -114 54 47 54 47 -16 -58 40 40 82 75 -100 -100 -58 -65 -23 40 33 40 33 -135 40 40 82 75 -114 54 47 54 47 -16 -23 40 33 40 33 -135 -9 -16 -58 -58
-58 -44 61 61 68 68 -58 -163 -163 -51 -51 61 61 68 68 -44 68 68 68 68 -156 -44 61 61 68 68 -51 -51 -149 -149 -156 61 61 61 61 -58 61 61 68 68 -44 68 68 68 68 -156 -156 61 61 61 61 -58 -44 -44 -58 -58
-24 -87 53 53 11 11 -24 -10 -10 -52 -52 53 53 11 11 -59 25 25 25 25 -38 -87 53 53 11 11 -31 -31 -73 -73 -122 67 67 67 67 4 53 53 11 11 -59 25 25 25 25 -38 -122 67 67 67 67 4 -45 -45 -87 -87
-55 -195 57 57 29 29 -97 50 50 22 22 15 15 -13 -13 -69 29 29 29 29 -20 -55 -34 -34 -62 -62 57 57 29 29 -48 50 50 50 50 1 50 50 22 22 -55 43 43 43 43 -6 -69 29 29 29 29 -20 -76 -76 -104 -104
8 -11 2 2 8 -1 8 6 6 -3 -27 2 2 8 -1 -3 6 -3 6 -3 -12 -5 8 8 -16 8 -11 -11 -5 -11 -1 8 2 8 2 8 8 8 -16 8 -12 -3 6 -3 6 -3 -1 8 2 8 2 8 -27 -3 6 6
-14 -20 5 5 5 5 -20 5 5 5 5 -1 -1 -1 -1 -9 9 9 9 9 -9 -14 -7 -7 -7 -7 5 5 5 5 -6 12 12 12 12 -6 5 5 5 5 -6 12 12 12 12 -6 -9 9 9 9 9 -9 -22 -22 -22 -22
31 -25 31 -179 52 52 31 -39 -18 3 3 31 -74 52 52 -18 3 3 3 3 3 -46 -11 31 31 31 -46 -25 -25 -25 31 31 31 52 52 -74 -11 31 31 31 -39 -39 -39 3 3 -18 31 31 31 52 52 -179 3 3 -18 3
82 -142 -51 33 82 33 75 -44 40 -37 40 -58 26 75 26 -93 -44 -93 40 -30 40 -9 82 61 -226 61 -142 -58 -9 -58 33 82 33 61 -9 61 75 54 -128 54 40 -37 40 -58 -107 -58 26 75 26 54 -16 54 40 -30 40 -107
-21 -3 6 6 13 12 -21 -12 -12 -5 -6 6 6 13 12 -3 7 6 7 6 -17 -3 6 6 13 12 -9 -9 -32 -18 -3 7 6 7 6 -2 6 6 13 12 -3 7 6 7 6 -17 -3 7 6 7 6 -2 -17 -18 -8 -8
-73 -17 74 74 32 25 -73 -3 -3 -255 -157 74 74 32 25 -171 102 95 102 95 -52 -17 74 74 32 25 -185 -185 -17 -24 -94 74 67 74 67 -80 74 74 32 25 -171 102 95 102 95 -52 -94 74 67 74 67 -80 -66 -73 -115 -115
7 -14 7 -25 12 11 7 -5 -4 3 2 7 -25 12 11 -4 3 2 1 0 -8 -15 3 7 11 10 -15 -14 -10 -11 7 11 10 12 11 -15 3 7 11 10 -5 -31 -17 3 2 -9 7 11 10 12 11 -15 3 2 -9 -8
2 -9 2 -17 8 7 3 -4 -5 5 4 3 -16 9 8 -5 5 4 1 0 -5 -8 0 2 9 8 -8 -9 -2 -3 2 9 8 8 7 -16 1 3 10 9 -4 -27 -13 5 4 -4 3 10 9 9 8 -30 5 4 -4 -5
64 -55 15 15 64 -6 64 29 29 -48 -97 15 15 64 -6 -41 29 -41 29 -41 -97 -41 64 64 -153 64 -55 -55 -41 -55 -111 64 15 64 15 64 64 64 -153 64 8 -48 29 -48 29 -48 -111 64 15 64 15 64 8 -41 29 29
-6 -21 16 16 4 4 -6 -29 -29 -11 -11 16 16 4 4 -7 11 11 11 11 -4 -21 16 16 4 4 -2 -2 -14 -14 -25 8 8 8 8 -7 16 16 4 4 -7 11 11 11 11 -4 -25 8 8 8 8 -7 -15 -15 -15 -15
-5 -16 2 2 13 12 -5 -5 -5 -39 -25 2 2 13 12 -1 13 12 13 12 -7 -16 2 2 13 12 -9 -9 2 1 -9 5 4 5 4 -15 2 2 13 12 -1 13 12 13 12 -7 -9 5 4 5 4 -15 -13 -14 -15 -15
57 -13 57 -132 64 64 57 -104 -62 29 29 57 -132 64 64 -62 29 29 -55 -55 15 -55 -6 57 22 22 -55 -13 -83 -83 57 22 22 64 64 -132 -6 57 22 22 -104 -34 -34 29 29 -27 57 22 22 64 64 -132 29 29 -27 15
47 -16 47 -128 61 61 54 -114 -58 26 26 54 -121 68 68 -58 26 26 -44 -44 19 -51 -9 47 26 26 -51 -16 -72 -72 47 26 26 61 61 -121 -2 54 33 33 -114 -30 -30 26 26 -16 54 33 33 68 68 -219 26 26 -16 19
-143 -31 39 39 81 81 -143 -73 -73 -31 -31 39 39 81 81 -17 46 46 46 46 -122 -31 39 39 81 81 -59 -59 -227 -122 -10 53 53 53 53 -10 39 39 81 81 -17 46 46 46 46 -122 -10 53 53 53 53 -10 -108 -213 -45 -45
38 -25 38 -172 59 59 24 -39 -18 3 3 24 -81 45 45 -18 3 3 3 3 3 -46 -4 38 38 38 -46 -25 -25 -25 38 38 38 59 59 -172 -18 24 24 24 -39 -39 -39 3 3 -18 24 24 24 45 45 -81 3 3 -18 3
-11 -46 -11 -11 66 59 -11 3 3 -235 -137 -11 -11 66 59 -18 80 73 80 73 -60 -46 -11 -11 66 59 -67 -67 10 3 -53 45 38 45 38 -95 -11 -11 66 59 -18 80 73 80 73 -60 -53 45 38 45 38 -95 -67 -74 -81 -81
-6 1 4 4 8 7 -6 -6 -6 -17 -18 4 4 8 7 -14 8 7 8 7 -4 2 5 5 9 8 -3 -3 -29 -15 -3 4 3 4 3 -8 5 5 9 8 -28 9 8 9 8 -3 -3 4 3 4 3 -8 1 0 -8 -8
2 -8 2 2 13 12 2 -3 -3 -37 -23 2 2 13 12 -6 8 7 8 7 -12 -8 2 2 13 12 -11 -11 -15 -16 -19 10 9 10 9 -10 2 2 13 12 -6 8 7 8 7 -12 -19 10 9 10 9 -10 2 1 -15 -15
-81 3 17 17 66 59 -81 -88 -88 -39 -46 17 17 66 59 -11 59 52 59 52 -109 3 17 17 66 59 -25 -25 -186 -88 -32 38 31 38 31 -25 17 17 66 59 -11 59 52 59 52 -109 -32 38 31 38 31 -25 -95 -102 -32 -32
-73 -143 102 102 -3 -3 -73 -164 -164 -59 -59 102 102 -3 -3 -115 116 116 116 116 -10 -143 102 102 -3 -3 32 32 -73 -73 -164 67 67 67 67 -59 102 102 -3 -3 -115 116 116 116 116 -10 -164 67 67 67 67 -59 -150 -150 -150 -150
-54 -159 65 65 58 51 -54 -145 -145 -47 -54 65 65 58 51 -47 72 65 72 65 -47 -159 65 65 58 51 -40 -40 -47 -54 -47 72 65 72 65 -152 65 65 58 51 -47 72 65 72 65 -47 -47 72 65 72 65 -152 -250 -152 -33 -33
-44 -44 12 12 40 40 -44 -9 -9 -121 -121 12 12 40 40 -79 75 75 75 75 -37 -44 12 12 40 40 -9 -9 -121 -121 -79 75 75 75 75 -37 12 12 40 40 -79 75 75 75 75 -37 -79 75 75 75 75 -37 -86 -86 -142 -142
-65 -9 12 12 68 68 -65 -65 -65 -44 -44 12 12 68 68 -9 68 68 68 68 -226 -16 5 5 61 61 -44 -44 -93 -93 -44 33 33 33 33 -16 5 5 61 61 -16 61 61 61 61 -128 -44 33 33 33 33 -16 -93 -93 -16 -16
-16 -16 26 26 12 12 -16 -44 -44 -23 -23 26 26 12 12 -9 19 19 19 19 -37 -16 26 26 12 12 -16 -16 -30 -30 -51 12 12 12 12 -9 26 26 12 12 -9 19 19 19 19 -37 -51 12 12 12 12 -9 -23 -23 -2 -2
53 -38 46 -108 46 46 60 -66 -10 39 39 53 -206 53 53 -17 32 32 -17 -17 -73 -213 -24 53 81 81 -115 -38 -10 -10 46 74 74 46 46 -136 -17 60 88 88 -66 -143 -143 39 39 -38 53 81 81 53 53 -129 32 32 -45 -73
-10 -2 7 7 7 6 -10 -4 -4 -34 -20 7 7 7 6 -17 13 12 13 12 -3 -2 7 7 7 6 -18 -18 -3 -4 -9 6 5 6 5 -10 7 7 7 6 -17 13 12 13 12 -3 -9 6 5 6 5 -10 -3 -4 -19 -19
54 -65 54 -121 33 26 54 -58 -2 47 40 54 -121 33 26 -2 47 40 -23 -30 -86 -121 -23 54 82 75 -121 -65 -37 -44 54 82 75 33 26 -51 -23 54 82 75 -58 -240 -142 47 40 -37 54 82 75 33 26 -51 47 40 -37 -86
26 -44 26 -107 61 54 26 -30 -37 26 19 26 -107 61 54 -37 26 19 -2 -9 -51 -37 12 26 68 61 -37 -44 -142 -149 26 68 61 61 54 -44 12 26 68 61 -30 -198 -100 26 19 -44 26 68 61 61 54 -44 26 19 -44 -51
10 -67 87 87 17 17 10 -172 -172 -32 -32 87 87 17 17 -95 45 45 45 45 -46 -67 87 87 17 17 -116 -116 -81 -81 -67 73 73 73 73 -123 87 87 17 17 -95 45 45 45 45 -46 -67 73 73 73 73 -123 -109 -109 10 10
46 -10 53 46 39 -59 46 88 81 -31 -234 53 46 39 -59 -122 81 -17 74 -24 -136 -10 53 46 -66 46 -213 -115 -17 -10 -52 46 53 39 46 39 53 46 -66 46 -17 -129 88 -136 81 -31 -52 46 53 39 46 39 -24 -122 81 74
78 1 -13 -13 78 -20 78 43 43 -76 -69 -13 -13 78 -20 -69 43 -55 43 -55 -69 -167 64 64 -90 78 -13 -13 -167 1 -48 64 -13 64 -13 78 64 64 -90 78 8 -90 43 -90 43 -76 -48 64 -13 64 -13 78 8 -69 43 43
52 -18 52 -137 59 59 59 -102 -60 31 31 59 -130 66 66 -60 31 31 -53 -53 17 -60 -11 52 17 17 -60 -18 -53 -53 52 17 17 59 59 -102 -4 59 24 24 -102 -32 -32 31 31 -25 59 24 24 66 66 -200 31 31 -25 17
-11 -74 -11 -11 -11 -74 10 73 73 -53 10 10 10 10 -74 -53 73 10 73 10 10 10 73 73 -53 10 10 10 10 -74 -53 73 10 73 10 10 73 73 -53 -11 -130 -130 73 -130 73 -53 -53 73 -11 73 -11 -11 -130 -53 73 73
54 -205 47 47 54 -51 54 75 75 -23 -128 47 47 54 -51 -58 75 -30 75 -30 -128 -2 40 40 -58 47 -9 -9 -2 -107 -93 40 40 40 40 47 40 40 -58 47 -65 -142 68 -142 68 -30 -93 40 40 40 40 47 -65 -65 68 68
23 2 23 -131 30 30 16 -19 -12 9 9 16 -33 23 23 -12 9 9 -5 -5 -5 -5 -40 23 23 23 -5 2 -33 -33 23 23 23 30 30 -61 -47 16 16 16 -19 -19 -19 9 9 -12 16 16 16 23 23 -68 9 9 -12 -5
-51 -51 68 68 68 68 -51 -163 -163 -58 -58 68 68 68 68 -44 61 61 61 61 -149 -51 68 68 68 68 -58 -58 -163 -163 -149 61 61 61 61 -44 68 68 68 68 -44 61 61 61 61 -149 -149 61 61 61 61 -44 -51 -51 -51 -51
46 -73 39 39 53 -24 39 46 46 -45 -122 32 32 46 -31 -66 53 -24 53 -24 -115 -24 88 88 -213 46 -136 -136 -17 -73 -24 95 39 95 39 53 81 81 -115 39 -122 -3 46 -3 46 -45 -31 88 32 88 32 46 -220 -66 53 53
-60 -102 24 24 45 45 -60 -60 -60 -39 -39 24 24 45 45 3 45 45 45 45 -39 -200 31 31 52 52 -11 -11 10 10 -11 31 31 31 31 -53 31 31 52 52 10 52 52 52 52 -32 -11 31 31 31 31 -53 -130 -130 -88 -88
-74 -116 24 24 45 38 -74 -60 -60 -39 -46 24 24 45 38 17 59 52 59 52 -32 -116 24 24 45 38 -18 -18 3 -4 -4 38 31 38 31 -53 24 24 45 38 17 59 52 59 52 -32 -4 38 31 38 31 -53 -214 -116 -74 -74
-3 -3 15 15 -4 -4 -3 -18 -18 -7 -7 15 15 -4 -4 -18 11 11 11 11 -11 -3 15 15 -4 -4 -18 -18 -7 -7 -18 11 11 11 11 -11 15 15 -4 -4 -18 11 11 11 11 -11 -18 11 11 11 11 -11 -22 -22 4 4
-4 -32 -158 -158 -4 -32 3 87 87 -95 3 59 59 3 -46 -67 87 59 87 59 3 3 87 87 -95 3 59 59 3 -46 -67 87 59 87 59 3 73 73 -109 -32 -158 -25 73 -25 73 -109 -81 73 -81 73 -81 -32 -158 -81 73 73
30 -5 58 51 30 -54 30 72 65 -61 -145 58 51 30 -54 -117 72 -12 65 -19 -145 -19 44 37 -89 37 -201 -103 -19 2 -40 44 65 37 58 37 44 37 -89 37 -26 -47 79 -54 72 -54 -40 44 65 37 58 37 -26 -215 79 72
-72 -37 40 40 40 40 -72 -121 -121 -16 -16 40 40 40 40 -30 96 96 96 96 -219 -44 33 33 33 33 -37 -37 -37 -37 -86 40 40 40 40 -65 33 33 33 33 -37 89 89 89 89 -121 -86 40 40 40 40 -65 -135 -135 -9 -9
-94 -101 74 74 67 60 -94 -45 -45 -262 -164 74 74 67 60 -192 116 109 116 109 -3 -101 74 74 67 60 -38 -38 -45 -52 -73 25 18 25 18 -94 74 74 67 60 -192 116 109 116 109 -3 -73 25 18 25 18 -94 -31 -38 -150 -150
-75 -40 37 37 44 37 -75 -124 -124 -12 -19 37 37 44 37 -12 100 93 100 93 -215 -47 30 30 37 30 -40 -40 -33 -40 -68 44 37 44 37 -61 30 30 37 30 -19 93 86 93 86 -117 -68 44 37 44 37 -61 -215 -117 -5 -5
-50 -155 62 62 69 62 -57 -155 -155 -43 -50 55 55 62 55 -43 69 62 69 62 -36 -155 62 62 69 62 -43 -43 -36 -43 -36 76 69 76 69 -239 55 55 62 55 -43 69 62 69 62 -36 -43 69 62 69 62 -141 -239 -141 -29 -29
-1 -8 -1 -1 62 55 -1 -15 -15 -197 -99 -1 -1 62 55 -36 48 41 48 41 -36 -8 -1 -1 62 55 -29 -29 -106 -113 -43 41 34 41 34 -43 -1 -1 62 55 -36 48 41 48 41 -36 -43 41 34 41 34 -43 -29 -36 -57 -57
6 -22 -1 -1 48 41 6 6 6 -190 -92 -1 -1 48 41 -22 48 41 48 41 -50 -22 -1 -1 48 41 -50 -50 -1 -8 -50 20 13 20 13 -43 -1 -1 48 41 -22 48 41 48 41 -50 -50 20 13 20 13 -43 -1 -8 -43 -43
66 -130 -39 52 66 52 66 -53 3 -4 3 -39 52 66 52 -67 -53 -67 3 -32 3 -18 73 24 -88 24 -228 -32 -18 -32 59 73 59 24 -11 24 73 24 -88 24 10 3 10 -46 -60 -46 59 73 59 24 -11 24 10 -25 10 -60
-15 -6 4 4 9 7 -15 -5 -5 0 -2 4 4 9 7 -4 4 2 4 2 -8 -6 4 4 9 7 -5 -5 -30 -17 2 10 8 10 8 -2 4 4 9 7 -4 4 2 4 2 -8 2 10 8 10 8 -2 -28 -15 -7 -7
75 -58 12 12 68 12 68 33 33 -16 -177 5 5 61 5 -51 26 -30 26 -30 -79 -16 54 54 -205 75 -79 -79 -23 -58 -30 47 12 47 12 68 47 47 -107 68 -9 -37 33 -37 33 -16 -37 40 5 40 5 61 -16 -51 26 26
6 0 8 7 6 -7 6 11 10 -11 -24 8 7 6 -7 -18 11 -2 10 -3 -24 -2 6 5 -11 6 -30 -16 -2 0 -8 6 8 5 7 6 6 5 -11 6 -5 -6 11 -7 10 -11 -8 6 8 5 7 6 -5 -18 11 10
-10 -5 4 4 10 10 -10 -4 -4 -28 -28 4 4 10 10 -23 16 16 16 16 -8 -5 4 4 10 10 -6 -6 -15 -15 -15 9 9 9 9 -15 4 4 10 10 -23 16 16 16 16 -8 -15 9 9 9 9 -15 -3 -3 -24 -24
-47 -82 -5 -5 -47 -82 2 79 79 -89 2 44 44 2 -54 -89 79 44 79 44 2 2 79 79 -89 2 44 44 2 -54 -89 79 44 79 44 2 107 107 -61 9 -166 -124 107 -124 107 -61 -61 107 -159 107 -159 9 -166 -61 107 107
-3 -6 0 0 10 9 -3 0 0 -35 -21 0 0 10 9 -12 13 12 13 12 -8 -6 0 0 10 9 -6 -6 -11 -12 -15 10 9 10 9 -11 0 0 10 9 -12 13 12 13 12 -8 -15 10 9 10 9 -11 -2 -3 -23 -23
-80 -178 74 74 81 74 -80 -59 -59 -262 -164 74 74 81 74 -115 102 95 102 95 -3 -178 74 74 81 74 -24 -24 -17 -24 -87 25 18 25 18 -80 74 74 81 74 -115 102 95 102 95 -3 -87 25 18 25 18 -80 -59 -66 -164 -164
3 -7 3 -29 9 9 3 -5 -4 4 4 3 -14 9 9 -4 4 4 2 2 -5 -8 -1 3 8 8 -8 -7 -2 -2 3 8 8 9 9 -16 -1 3 8 8 -5 -15 -15 4 4 -6 3 8 8 9 9 -31 4 4 -6 -5
8 -11 2 2 9 -2 7 5 5 -3 -14 1 1 8 -3 -4 6 -5 6 -5 -13 -4 9 9 -29 8 -10 -10 -3 -11 0 10 2 10 2 9 8 8 -15 7 -12 -2 5 -2 5 -3 -1 9 1 9 1 8 -26 -4 6 6
13 -29 3 3 13 -5 13 12 12 -8 -26 3 3 13 -5 -1 12 -6 12 -6 -26 3 5 5 -15 12 -7 -7 3 -15 -8 5 2 5 2 12 5 5 -15 12 -14 -16 11 -16 11 -9 -8 5 2 5 2 12 -14 -2 11 11
89 -114 12 12 89 -37 89 89 89 -79 -205 12 12 89 -37 -9 89 -37 89 -37 -205 12 33 33 -100 89 -65 -65 12 -114 -65 33 12 33 12 89 33 33 -100 89 -93 -100 89 -100 89 -79 -65 33 12 33 12 89 -93 -9 89 89
-43 -148 62 62 62 55 -43 -148 -148 -43 -50 62 62 62 55 -43 62 55 62 55 -50 -246 69 69 69 62 -36 -36 -36 -43 -36 69 62 69 62 -148 69 69 69 62 -36 69 62 69 62 -43 -36 69 62 69 62 -148 -246 -148 -43 -43
-53 -11 52 52 38 38 -53 -11 -11 -165 -165 52 52 38 38 -137 80 80 80 80 -74 -11 52 52 38 38 -116 -116 -25 -25 -74 38 38 38 38 -81 52 52 38 38 -137 80 80 80 80 -74 -74 38 38 38 38 -81 -46 -46 -39 -39
-72 -30 40 40 47 40 -72 -23 -23 -226 -128 40 40 47 40 -121 96 89 96 89 -9 -30 40 40 47 40 -44 -44 -37 -44 -79 33 26 33 26 -72 40 40 47 40 -121 96 89 96 89 -9 -79 33 26 33 26 -72 -23 -30 -128 -128
25 -10 81 74 25 -80 25 95 88 -66 -171 81 74 25 -80 -171 95 -10 88 -17 -171 -10 81 74 -80 25 -269 -171 -10 -10 -80 81 81 74 74 25 81 74 -80 25 -66 -115 95 -122 88 -66 -80 81 81 74 74 25 -66 -171 95 88
82 -44 40 40 82 -44 75 54 54 -9 -135 33 33 75 -51 -114 54 -72 54 -72 -135 -44 40 40 -233 82 -86 -86 -44 -44 -23 40 40 40 40 82 33 33 -135 75 -9 -51 54 -51 54 -9 -30 33 33 33 33 75 -9 -114 54 54
53 -17 53 -122 60 60 53 -108 -52 25 25 53 -122 60 60 -52 25 25 -45 -45 11 -52 -3 53 25 25 -52 -17 -80 -80 53 25 25 60 60 -129 -3 53 25 25 -108 -31 -31 25 25 -24 53 25 25 60 60 -129 25 25 -24 11
-55 -146 36 36 71 64 -55 -83 -83 -48 -55 36 36 71 64 -13 43 36 43 36 -34 -146 36 36 71 64 -55 -55 -20 -27 1 57 50 57 50 -125 36 36 71 64 -13 43 36 43 36 -34 1 57 50 57 50 -125 -202 -104 -48 -48
68 -44 61 61 68 -44 61 61 61 -37 -149 54 54 61 -51 -156 61 -51 61 -51 -149 -37 68 68 -240 68 -149 -149 -37 -44 -44 68 61 68 61 68 61 61 -142 61 -44 -37 61 -37 61 -37 -51 61 54 61 54 61 -44 -156 61 61
83 -113 13 13 83 -43 83 83 83 -57 -183 13 13 83 -43 -8 83 -43 83 -43 -183 13 34 34 -106 83 -57 -57 13 -113 -57 34 13 34 13 83 34 34 -106 83 -92 -106 83 -106 83 -57 -57 34 13 34 13 83 -92 -8 83 83
-81 -18 73 73 24 24 -81 -11 -11 -165 -165 73 73 24 24 -172 94 94 94 94 -60 -18 73 73 24 24 -179 -179 -18 -18 -88 73 73 73 73 -81 73 73 24 24 -172 94 94 94 94 -60 -88 73 73 73 73 -81 -67 -67 -116 -116
-8 -29 -155 -155 -8 -29 -1 83 83 -85 -1 62 62 -1 -43 -64 83 62 83 62 -1 -1 83 83 -85 -1 62 62 -1 -43 -64 83 62 83 62 -1 69 69 -99 -36 -162 -15 69 -15 69 -99 -78 69 -78 69 -78 -36 -162 -78 69 69
-2 -44 -23 -23 -2 -44 19 40 40 -44 19 -2 -2 19 -44 -2 40 -2 40 -2 19 19 40 40 -44 19 -2 -2 19 -44 -2 40 -2 40 -2 19 40 40 -44 -2 -100 -58 40 -58 40 -44 -2 40 -23 40 -23 -2 -100 -2 40 40
78 -139 -48 36 78 36 71 -48 36 -27 36 -55 29 71 29 -90 -48 -90 36 -27 36 -13 78 57 -216 57 -139 -55 -13 -55 36 78 36 57 -6 57 71 50 -118 50 36 -27 36 -48 -111 -48 29 71 29 50 -13 50 36 -27 36 -111
-137 -25 38 38 87 80 -137 -74 -74 -25 -32 38 38 87 80 -25 45 38 45 38 -123 -25 38 38 87 80 -60 -60 -221 -123 -18 52 45 52 45 -11 38 38 87 80 -25 45 38 45 38 -123 -18 52 45 52 45 -11 -116 -123 -53 -53
-59 -10 53 53 32 32 -59 -17 -17 -143 -143 53 53 32 32 -136 74 74 74 74 -52 -10 53 53 32 32 -108 -108 -24 -24 -66 39 39 39 39 -87 53 53 32 32 -136 74 74 74 74 -52 -66 39 39 39 39 -87 -45 -45 -45 -45
-4 -11 7 7 1 1 -4 -1 -1 -7 -7 7 7 1 1 -8 4 4 4 4 -5 -11 7 7 1 1 -3 -3 -9 -9 -18 9 9 9 9 0 7 7 1 1 -8 4 4 4 4 -5 -18 9 9 9 9 0 -6 -6 -12 -12
62 -190 34 34 62 -36 62 55 55 -22 -120 34 34 62 -36 6 55 -43 55 -43 -120 6 20 20 -57 55 -22 -22 6 -92 -29 20 27 20 27 55 20 20 -57 55 -113 -64 48 -64 48 -29 -29 20 27 20 27 55 -113 -1 48 48
-20 -20 8 8 15 15 -20 -13 -13 -41 -41 8 8 15 15 -6 22 22 22 22 -6 -20 8 8 15 15 -13 -13 -41 -41 -6 22 22 22 22 -6 8 8 15 15 -6 22 22 22 22 -6 -6 22 22 22 22 -6 -62 -62 -34 -34
52 -67 38 38 52 -18 45 45 45 -46 -116 31 31 45 -25 -74 45 -25 45 -25 -116 -18 87 87 -214 52 -137 -137 -18 -67 -32 87 38 87 38 52 80 80 -116 45 -130 -11 45 -11 45 -46 -39 80 31 80 31 45 -130 -74 45 45
45 -18 45 45 38 -60 45 87 87 -25 -228 45 45 38 -60 -123 80 -18 80 -18 -130 -18 45 45 -67 45 -123 -123 -25 -18 -60 38 45 38 45 38 45 45 -67 45 -18 -130 87 -130 87 -25 -60 38 45 38 45 38 -25 -123 80 80
-64 -120 34 34 48 48 -120 34 34 48 48 -22 -22 -8 -8 -78 41 41 41 41 -50 -64 -36 -36 -127 -127 34 34 48 48 -43 76 76 76 76 -15 34 34 48 48 -43 76 76 76 76 -15 -78 41 41 41 41 -50 -71 -71 -162 -162
-5 -13 9 9 3 3 -5 -16 -16 -7 -7 9 9 3 3 -5 7 7 7 7 -2 -13 9 9 3 3 1 1 -5 -5 -10 2 2 2 2 -7 9 9 3 3 -5 7 7 7 7 -2 -10 2 2 2 2 -7 -12 -12 -3 -3
-144 -39 38 38 80 73 -144 -67 -67 -25 -32 38 38 80 73 -11 52 45 52 45 -123 -39 38 38 80 73 -67 -67 -130 -137 -11 52 45 52 45 -18 38 38 80 73 -11 52 45 52 45 -123 -11 52 45 52 45 -18 -207 -109 -46 -46
-22 -92 34 34 62 55 -22 -22 -22 -204 -106 34 34 62 55 -92 62 55 62 55 -22 -92 34 34 62 55 -36 -36 -8 -15 -36 13 6 13 6 -71 34 34 62 55 -92 62 55 62 55 -22 -36 13 6 13 6 -71 -8 -15 -71 -71
0 -3 0 0 6 5 0 0 0 -24 -10 0 0 6 5 -3 6 5 6 5 -4 -3 0 0 6 5 -6 -6 0 -1 -6 3 2 3 2 -7 0 0 6 5 -3 6 5 6 5 -4 -6 3 2 3 2 -7 0 -1 -7 -7
-52 -94 25 25 46 46 -52 -59 -59 -38 -38 25 25 46 46 -3 39 39 39 39 -45 -192 32 32 53 53 -10 -10 11 11 -17 25 25 25 25 -59 32 32 53 53 4 46 46 46 46 -38 -17 25 25 25 25 -59 -108 -108 -66 -66
65 -89 23 23 65 -26 65 51 51 -47 -138 23 23 65 -26 -12 51 -40 51 -40 -138 2 9 9 -54 65 -40 -40 2 -89 -54 9 23 9 23 65 9 9 -54 65 -26 -68 51 -68 51 -47 -54 9 23 9 23 65 -26 -12 51 51
-66 -10 11 11 60 60 -66 -66 -66 -52 -52 11 11 60 60 -10 60 60 60 60 -136 -10 11 11 60 60 -38 -38 -94 -94 -38 32 32 32 32 -24 11 11 60 60 -10 60 60 60 60 -136 -38 32 32 32 32 -24 -94 -94 -24 -24
-10 -59 46 46 39 39 -10 -115 -115 -17 -17 46 46 39 39 -59 39 39 39 39 -94 -59 46 46 39 39 -24 -24 -136 -136 -129 74 74 74 74 -59 46 46 39 39 -59 39 39 39 39 -94 -129 74 74 74 74 -59 -31 -31 -59 -59
-134 -43 41 41 83 83 -134 -71 -71 -29 -29 41 41 83 83 -22 41 41 41 41 -127 -43 41 41 83 83 -78 -78 -141 -141 -15 48 48 48 48 -15 41 41 83 83 -22 41 41 41 41 -127 -15 48 48 48 48 -15 -120 -120 -57 -57
-4 -11 10 10 24 17 -4 -4 -4 -130 -32 10 10 24 17 -11 24 17 24 17 -4 -11 10 10 24 17 -18 -18 -39 -46 -18 17 10 17 10 -11 10 10 24 17 -11 24 17 24 17 -4 -18 17 10 17 10 -11 -39 -46 -11 -11
-48 -6 50 50 43 36 -48 -13 -13 -230 -132 50 50 43 36 -125 78 71 78 71 -41 -6 50 50 43 36 -118 -118 -20 -27 -62 36 29 36 29 -83 50 50 43 36 -125 78 71 78 71 -41 -62 36 29 36 29 -83 -34 -41 -48 -48
-61 -47 9 9 -61 -47 -12 44 44 -47 -12 58 58 -12 -19 -96 44 58 44 58 -12 -12 44 44 -47 -12 58 58 -12 -19 -96 44 58 44 58 -12 72 72 -19 -5 -82 -68 72 -68 72 -19 -68 72 -145 72 -145 -5 -82 -68 72 72
-68 -110 23 23 44 44 -68 -61 -61 -40 -40 23 23 44 44 9 51 51 51 51 -33 -110 23 23 44 44 -19 -19 2 2 -12 30 30 30 30 -54 23 23 44 44 9 51 51 51 51 -33 -12 30 30 30 30 -54 -124 -124 -82 -82
-106 -50 27 27 55 48 -106 -29 -29 -1 -8 27 27 55 48 -22 27 20 27 20 -57 -50 27 27 55 48 -43 -43 -120 -127 13 62 55 62 55 -22 27 27 55 48 -22 27 20 27 20 -57 13 62 55 62 55 -22 -197 -99 -50 -50
-36 -99 27 27 62 55 -36 -36 -36 -211 -113 27 27 62 55 6 62 55 62 55 -15 -99 27 27 62 55 -36 -36 -1 -8 -36 20 13 20 13 -57 27 27 62 55 6 62 55 62 55 -15 -36 20 13 20 13 -57 -106 -113 -57 -57
-24 -45 11 11 32 25 -24 11 11 -178 -80 11 11 32 25 -59 67 60 67 60 -24 -45 11 11 32 25 -31 -31 -10 -17 -80 46 39 46 39 -45 11 11 32 25 -59 67 60 67 60 -24 -80 46 39 46 39 -45 -24 -31 -115 -115
7 0 0 0 7 -1 7 4 4 -4 -12 0 0 7 -1 -6 4 -4 4 -4 -12 -15 5 5 -8 7 -2 -2 -15 0 -5 5 0 5 0 7 5 5 -8 7 -1 -6 4 -6 4 -4 -5 5 0 5 0 7 -1 -6 4 4
1 -10 7 7 4 4 1 -15 -15 -3 -3 7 7 4 4 -9 3 3 3 3 -3 -10 7 7 4 4 -7 -7 -10 -10 -5 7 7 7 7 -14 7 7 4 4 -9 3 3 3 3 -3 -5 7 7 7 7 -14 -9 -9 0 0
69 -106 48 48 69 13 69 13 13 -71 -127 48 48 69 13 -29 13 -43 13 -43 -127 -71 83 83 -106 69 -92 -92 -71 -106 -169 83 48 83 48 69 83 83 -106 69 6 -57 13 -57 13 -71 -169 83 48 83 48 69 6 -29 13 13
60 -38 25 25 60 4 60 18 18 -52 -108 25 25 60 4 -38 18 -38 18 -38 -108 -143 60 60 -45 60 -38 -38 -143 -38 -101 60 25 60 25 60 60 60 -45 60 -3 -52 18 -52 18 -52 -101 60 25 60 25 60 -3 -38 18 18
-69 -34 36 36 43 43 -69 -125 -125 -13 -13 36 36 43 43 -20 92 92 92 92 -216 -41 29 29 36 36 -41 -41 -34 -34 -76 36 36 36 36 -62 29 29 36 36 -27 85 85 85 85 -118 -76 36 36 36 36 -62 -125 -125 -13 -13
-38 -10 25 25 53 46 -38 -24 -24 -206 -108 25 25 53 46 -87 67 60 67 60 -17 -10 25 25 53 46 -52 -52 -24 -31 -38 11 4 11 4 -73 25 25 53 46 -87 67 60 67 60 -17 -38 11 4 11 4 -73 4 -3 -59 -59
-39 -39 24 24 -4 -4 -39 3 3 -25 -25 24 24 -4 -4 -60 38 38 38 38 -11 -39 24 24 -4 -4 3 3 -25 -25 -60 38 38 38 38 -11 24 24 -4 -4 -60 38 38 38 38 -11 -60 38 38 38 38 -11 -46 -46 -74 -74
2 -5 2 2 51 44 2 -12 -12 -173 -75 2 2 51 44 -33 37 30 37 30 -26 -5 2 2 51 44 -26 -26 -82 -89 -40 30 23 30 23 -33 2 2 51 44 -33 37 30 37 30 -26 -40 30 23 30 23 -33 -5 -12 -47 -47
-48 -153 64 64 57 57 -48 -146 -146 -48 -48 64 64 57 57 -55 64 64 64 64 -48 -153 64 64 57 57 -41 -41 -48 -48 -55 64 64 64 64 -153 64 64 57 57 -55 64 64 64 64 -48 -55 64 64 64 64 -153 -160 -160 -41 -41
-33 -33 16 16 30 30 -33 -5 -5 -96 -96 16 16 30 30 -82 58 58 58 58 -33 -33 16 16 30 30 -5 -5 -96 -96 -82 58 58 58 58 -33 16 16 30 30 -82 58 58 58 58 -33 -82 58 58 58 58 -33 -40 -40 -110 -110
-38 -52 74 74 32 32 -38 -122 -122 -59 -59 74 74 32 32 -31 53 53 53 53 -115 -52 74 74 32 32 -45 -45 -87 -87 -150 39 39 39 39 -24 74 74 32 32 -31 53 53 53 53 -115 -150 39 39 39 39 -24 -66 -66 -3 -3
-73 -38 39 39 32 32 -73 -17 -17 -129 -129 39 39 32 32 -136 88 88 88 88 -24 -38 39 39 32 32 -31 -31 -38 -38 -80 39 39 39 39 -73 39 39 32 32 -136 88 88 88 88 -24 -80 39 39 39 39 -73 -31 -31 -122 -122
-78 -15 13 13 55 48 -78 -71 -71 -29 -36 13 13 55 48 -1 62 55 62 55 -113 -15 13 13 55 48 -29 -29 -92 -99 -22 41 34 41 34 -29 13 13 55 48 -1 62 55 62 55 -113 -22 41 34 41 34 -29 -183 -85 -22 -22
58 -61 16 16 58 -5 58 30 30 -54 -96 16 16 58 -5 -33 30 -33 30 -33 -96 -19 58 58 -131 58 -61 -61 -19 -61 -110 58 16 58 16 58 58 58 -131 58 9 -54 30 -54 30 -54 -110 58 16 58 16 58 9 -33 30 30
-37 -37 -30 -30 -37 -37 -2 40 40 -23 -2 40 40 -2 -23 -58 40 40 40 40 -2 -2 40 40 -23 -2 40 40 -2 -23 -58 40 40 40 40 -2 54 54 -9 -9 -44 -107 54 -107 54 -9 -44 54 -107 54 -107 -9 -44 -44 54 54
-102 -102 73 73 59 59 -102 -53 -53 -172 -172 73 73 59 59 -193 108 108 108 108 -11 -102 73 73 59 59 -32 -32 -46 -46 -67 24 24 24 24 -95 73 73 59 59 -193 108 108 108 108 -11 -67 24 24 24 24 -95 -32 -32 -151 -151
-78 -15 48 48 41 41 -78 -36 -36 -148 -148 48 48 41 41 -120 83 83 83 83 -29 -15 48 48 41 41 -120 -120 -22 -22 -57 41 41 41 41 -71 48 48 41 41 -120 83 83 83 83 -29 -57 41 41 41 41 -71 -22 -22 -134 -134
-68 -19 44 44 37 37 -68 -26 -26 -138 -138 44 44 37 37 -124 79 79 79 79 -33 -19 44 44 37 37 -117 -117 -19 -19 -54 44 44 44 44 -68 44 44 37 37 -124 79 79 79 79 -33 -54 44 44 44 44 -68 -19 -19 -131 -131
4 -3 4 4 4 -3 4 4 4 -3 -10 4 4 4 -3 -10 4 -3 4 -3 -10 -3 4 4 -10 4 -10 -10 -3 -3 -3 4 4 4 4 4 4 4 -10 4 -3 -3 4 -3 4 -3 -3 4 4 4 4 4 -3 -10 4 4
-36 -78 34 34 34 34 -36 -50 -50 -50 -50 34 34 34 34 -1 20 20 20 20 -1 -78 34 34 34 34 -8 -8 -8 -8 -22 -1 -1 -1 -1 -22 34 34 34 34 -1 20 20 20 20 -1 -22 -1 -1 -1 -1 -22 -36 -36 -36 -36
29 -48 29 29 29 -6 29 1 1 -20 -34 29 29 29 -6 -20 1 -34 1 -34 -34 -34 43 43 -83 29 -34 -34 -34 -48 -83 43 29 43 29 29 43 43 -83 29 -6 -6 1 -6 1 -20 -83 43 29 43 29 29 -6 -20 1 1
-4 -4 3 3 3 3 -4 -4 -4 -4 -4 3 3 3 3 -4 3 3 3 3 -4 -4 3 3 3 3 -4 -4 -4 -4 -4 3 3 3 3 -4 3 3 3 3 -4 3 3 3 3 -4 -4 3 3 3 3 -4 -4 -4 -4 -4
-12 -12 9 9 16 16 -12 -12 -12 -40 -40 9 9 16 16 -12 16 16 16 16 -12 -12 9 9 16 16 -12 -12 -40 -40 -12 16 16 16 16 -12 9 9 16 16 -12 16 16 16 16 -12 -12 16 16 16 16 -12 -40 -40 -12 -12
54 -44 26 26 54 5 54 19 19 -58 -107 26 26 54 5 -30 19 -30 19 -30 -107 -121 54 54 -23 54 -44 -44 -121 -44 -100 54 26 54 26 54 54 54 -23 54 -2 -58 19 -58 19 -58 -100 54 26 54 26 54 -2 -30 19 19
-8 -1 7 7 5 5 -8 -3 -3 -20 -20 7 7 5 5 -18 10 10 10 10 -7 -1 7 7 5 5 -16 -16 -3 -3 -8 5 5 5 5 -12 7 7 5 5 -18 10 10 10 10 -7 -8 5 5 5 5 -12 -5 -5 -7 -7
15 -20 8 8 15 1 15 8 8 -20 -34 8 8 15 1 -6 8 -6 8 -6 -34 -13 15 15 -13 15 -20 -20 -13 -20 -34 15 8 15 8 15 15 15 -13 15 1 -20 8 -20 8 -20 -34 15 8 15 8 15 1 -6 8 8
-10 -5 5 5 5 5 -10 -18 -18 -3 -3 5 5 5 5 -3 12 12 12 12 -18 -5 5 5 5 5 -5 -5 -5 -5 -10 5 5 5 5 -10 5 5 5 5 -3 12 12 12 12 -18 -10 5 5 5 5 -10 -18 -18 -3 -3
-10 -10 4 4 11 11 -10 -3 -3 -31 -31 4 4 11 11 -24 18 18 18 18 -10 -10 4 4 11 11 -3 -3 -31 -31 -24 18 18 18 18 -10 4 4 11 11 -24 18 18 18 18 -10 -24 18 18 18 18 -10 -10 -10 -38 -38
-46 -11 24 24 45 45 -46 -32 -32 -116 -116 24 24 45 45 -88 59 59 59 59 -25 -11 24 24 45 45 -46 -46 -25 -25 -32 10 10 10 10 -74 24 24 45 45 -88 59 59 59 59 -25 -32 10 10 10 10 -74 3 3 -60 -60
