1 1 1 -6 1 1 1 -6 1 1 1 1 1 1 1 1 1 1 1 1 -6 1 1 1 -6 1 1 1 1 -6 1 1 1 1 1 1 1 -6 1 1 1 1 1 1 1 1 1 -6 1 1 1 1 1 -6 1 1
13 13 13 -85 6 20 13 13 20 6 -85 -92 20 6 20 20 6 20 13 27 13 13 13 20 -99 20 13 20 6 -85 20 6 20 13 27 13 13 -85 6 20 20 6 20 13 27 13 20 6 20 13 27 13 -22 -113 -22 -15
13 -92 13 13 20 13 13 -92 13 20 13 13 13 20 13 13 20 13 20 13 -85 13 13 13 -85 13 13 13 20 13 13 20 13 20 -92 20 13 13 20 -92 13 20 13 20 13 20 -22 -15 13 -15 13 20 -120 13 20 20
10 17 17 -88 10 24 10 10 10 -102 17 -88 17 10 24 17 10 24 10 24 17 -25 10 10 3 -18 17 17 10 -116 17 10 24 10 24 17 10 10 3 -18 10 3 17 3 17 10 17 10 24 10 24 17 -25 -116 -18 -18
12 5 12 -86 -2 19 5 12 19 -2 -86 5 12 -9 12 19 -2 19 5 26 5 12 -86 26 5 26 12 19 -2 -86 26 5 26 12 33 12 12 -86 -2 19 26 5 26 12 33 12 19 -2 19 5 26 5 -23 -107 -23 -16
5 -93 5 12 19 12 5 -2 5 12 5 5 12 19 12 5 12 5 19 12 -86 12 5 12 -86 12 12 19 26 19 12 19 12 26 -86 26 5 12 19 -93 5 12 5 19 12 19 -23 -16 12 -9 19 26 -121 12 19 26
17 17 17 -88 17 10 17 17 17 -88 10 -88 17 17 10 17 17 10 17 10 10 -123 17 17 17 -25 17 17 17 -25 17 17 10 17 10 10 17 17 17 -25 17 17 10 17 10 10 17 17 10 17 10 10 -123 -25 -25 -25
19 -86 12 12 19 19 19 -93 12 19 19 12 12 19 19 5 12 12 12 12 -86 19 12 12 -86 19 12 12 19 19 5 12 12 12 -93 19 12 12 19 -86 5 12 12 12 12 19 -30 -23 12 -23 12 19 -30 5 12 12
1 1 1 0 1 1 2 -13 1 2 2 2 1 2 2 1 2 2 1 1 -13 2 2 1 -13 2 2 1 2 -13 1 2 2 1 1 2 3 -13 3 3 2 3 3 2 2 3 2 -12 3 2 2 3 2 -13 3 2
12 5 5 -86 5 19 5 5 19 5 -86 -2 12 -2 12 12 -2 12 12 26 12 12 12 26 -93 26 5 19 5 -86 19 5 19 19 33 19 5 -86 5 19 19 5 19 19 33 19 12 -2 12 12 26 12 -23 -114 -23 -9
5 -2 5 5 12 5 5 -93 12 19 12 5 5 12 5 12 19 12 19 12 -86 5 12 12 -86 12 5 5 12 5 12 19 12 19 -93 19 12 12 19 -93 19 26 19 26 19 26 -23 -16 12 -16 12 19 -114 19 26 26
10 17 24 -88 17 10 -25 -18 10 10 3 -116 17 17 10 24 24 17 17 10 10 10 17 10 -95 3 24 17 17 -95 24 24 17 17 10 10 -18 10 10 3 17 17 10 10 3 3 24 24 17 17 10 10 -116 -18 -18 -25
17 17 17 -88 10 17 17 17 17 -95 17 -88 17 10 17 17 10 17 10 17 10 -123 17 17 10 -18 17 17 10 -18 17 10 17 10 17 10 17 17 10 -18 17 10 17 10 17 10 17 10 17 10 17 10 -25 -123 -25 -25
12 -93 12 12 12 5 12 -93 12 12 5 12 12 12 5 12 12 5 12 5 5 19 19 19 -86 12 19 19 19 12 19 19 12 19 -93 12 19 19 19 -93 19 19 12 19 12 12 -16 -16 12 -16 12 12 -121 12 12 12
2 2 2 -14 1 2 3 3 2 2 -12 -12 2 2 3 2 2 3 1 2 2 -13 2 1 1 2 2 1 1 2 1 1 2 0 1 1 3 2 2 3 2 -13 3 1 2 2 2 2 3 1 2 -13 1 -13 2 1
2 2 2 0 -13 2 3 3 1 3 -12 -12 1 3 3 1 3 3 1 1 3 -13 2 0 2 2 2 0 2 2 0 2 2 0 0 2 3 1 3 3 1 -12 3 1 1 3 1 3 3 1 1 -12 1 -14 3 1
12 5 12 -86 5 12 12 19 26 12 -86 -93 19 5 12 26 12 19 19 26 12 5 12 19 -100 12 5 12 -2 5 19 5 12 12 19 5 12 -86 5 12 26 12 19 19 26 12 19 5 12 12 19 5 -16 -114 -23 -16
20 20 27 -85 20 13 13 20 13 -92 6 -85 13 13 6 20 20 13 13 6 6 -92 20 13 13 6 20 13 13 6 20 -85 13 13 6 6 13 6 6 -1 13 13 6 6 -1 -1 13 13 6 6 -1 -1 13 -99 6 -1
-26 9 9 2 9 -33 16 16 9 16 -26 16 -96 16 9 9 16 9 9 2 9 16 16 9 16 -26 -89 9 16 9 9 16 9 9 2 9 23 16 23 16 -19 -117 16 -19 9 16 16 23 16 16 9 -89 -19 9 16 9
9 23 23 -89 23 16 -26 -26 2 9 2 -117 16 23 16 16 23 16 16 9 16 9 9 2 9 2 23 16 -12 -19 16 23 16 16 9 -124 -26 2 9 2 2 9 2 2 -5 2 16 23 16 16 9 -19 -89 9 16 9
4 4 4 -101 11 18 4 4 4 11 -87 4 4 11 18 4 11 18 11 18 25 4 4 4 11 18 4 4 -24 -17 4 11 18 11 18 -10 4 4 11 18 4 -94 18 11 18 25 4 11 18 11 18 -115 11 -87 25 25
11 18 4 -101 25 18 11 -108 -3 18 11 4 4 25 18 -10 11 4 11 4 25 -10 11 11 -3 -10 18 18 -31 -38 4 25 18 25 18 -31 11 11 -3 -10 -3 18 11 18 11 -3 4 25 18 25 18 -136 -94 4 25 25
18 18 18 -87 11 32 4 4 4 -3 18 4 4 -3 -87 4 -3 18 -3 18 11 18 18 18 -24 -108 -87 18 11 32 18 11 32 11 32 -10 4 4 -3 18 4 -3 18 -3 18 -24 4 -3 18 -3 18 11 -3 -87 11 11
23 23 16 -89 16 16 23 16 16 -89 16 -89 16 16 16 9 9 9 9 9 9 -117 16 16 16 -19 16 16 16 -19 9 9 9 9 9 9 16 16 16 -19 9 9 9 9 9 9 9 9 9 9 9 9 -33 -33 -33 -33
11 25 11 -94 32 25 4 -10 -10 11 4 4 4 25 18 -10 -94 4 11 4 25 -10 11 11 -3 -10 25 25 -129 -31 11 32 25 32 25 -24 4 4 -10 -17 -10 11 4 11 4 -10 4 25 18 25 18 -31 11 -101 25 25
11 18 11 -94 32 32 -3 -10 -10 11 11 -3 -3 18 18 -10 11 -94 11 11 32 -17 11 11 -3 -3 18 18 -31 -31 11 32 32 32 32 -122 -3 -3 -17 -17 -10 11 11 11 11 -3 -3 18 18 18 18 -31 -94 11 32 32
-3 4 -3 -3 4 11 11 4 4 11 -87 -94 11 18 25 4 11 18 11 18 25 4 -3 -3 4 11 4 4 -24 -17 -3 4 11 4 11 -17 11 11 18 25 4 11 18 -94 18 25 11 18 25 18 25 -108 11 -87 25 25
18 18 11 -94 25 32 4 -108 -3 11 18 -3 -3 11 18 -10 4 11 4 11 25 -10 18 18 -3 4 18 18 -38 -31 11 25 32 25 32 -129 4 4 -17 -10 -3 11 18 11 18 -3 -3 11 18 11 18 -38 4 -94 25 25
25 -115 18 -24 18 18 25 18 11 18 -87 18 -24 18 18 4 11 11 4 4 11 25 18 11 -87 18 18 -24 18 18 4 11 11 4 4 11 -87 11 18 18 4 11 11 4 4 11 4 11 11 4 4 11 -3 -3 -101 -3
20 13 13 -85 -1 20 13 13 20 -1 -85 6 13 -8 13 13 -8 13 -1 20 -1 20 -85 27 6 27 13 20 -1 -85 20 -1 20 6 27 6 13 -85 -1 20 20 -1 20 6 27 6 13 -8 13 -1 20 -1 -1 -85 -1 6
-3 -3 4 4 4 4 4 -94 11 11 11 11 11 11 11 18 18 18 18 18 -87 -3 4 4 4 4 4 4 4 4 11 11 11 11 -94 11 11 11 11 -94 18 18 18 18 18 18 -17 -17 18 -17 18 18 -115 25 25 25
4 -3 -3 4 -3 11 4 4 11 4 -87 -3 4 -3 11 4 -3 11 4 18 11 11 11 18 -94 25 4 11 4 -87 11 4 18 11 25 18 11 -87 11 25 18 11 25 18 32 25 11 4 18 11 25 18 -24 -115 -17 -10
4 4 11 11 11 4 4 11 -94 11 4 11 11 11 -101 18 18 11 18 11 11 4 11 11 -94 4 11 11 11 4 18 18 -94 18 11 11 11 11 11 4 18 18 11 18 11 11 -17 -17 11 -17 11 11 -115 18 18 18
-3 -94 4 11 11 11 4 -3 4 4 4 11 18 18 18 11 11 11 18 18 -87 4 -3 4 4 4 11 18 18 18 11 11 11 18 -87 18 4 11 11 -94 4 4 4 11 11 11 -17 -17 18 -10 25 25 -122 18 18 25
9 16 16 -89 9 9 9 9 9 2 2 -89 16 9 9 16 9 9 9 9 2 -124 16 16 9 -26 23 23 16 -19 23 16 16 16 16 9 16 16 9 -26 16 9 9 9 9 2 23 16 16 16 16 9 -124 -19 -26 -26
-101 11 -3 11 11 11 11 -3 11 11 11 4 -87 18 18 4 4 4 18 18 18 11 -3 11 11 11 4 18 -17 -17 4 4 4 18 18 -17 4 18 18 18 4 4 4 -87 18 18 11 11 11 25 25 -115 11 -94 11 25
4 11 18 -87 11 18 4 11 11 -101 11 -87 18 11 18 25 18 25 18 25 18 -3 4 4 -3 4 11 11 4 -94 18 11 18 11 18 11 4 4 -3 4 11 4 11 4 11 4 18 11 18 11 18 11 -17 -115 -17 -17
6 13 13 6 6 6 13 13 6 6 6 20 -92 13 13 13 13 -92 6 6 6 -92 13 6 6 6 20 13 13 13 -92 13 13 6 6 6 20 13 13 13 13 -92 13 6 6 6 20 20 20 13 13 -92 13 13 13 6
-1 6 -1 -1 6 6 6 -1 -1 6 6 6 6 13 13 -1 6 6 6 6 -92 13 6 6 -92 13 13 13 20 -85 6 13 13 13 13 20 13 -92 20 20 6 13 13 13 13 20 13 -85 20 20 20 27 13 -92 20 20
18 18 18 -87 18 25 18 18 18 -122 -10 -87 18 18 25 18 18 25 18 25 -10 4 4 4 4 11 4 4 4 -94 4 4 11 4 11 11 4 4 4 11 4 4 11 4 11 -24 4 4 11 4 11 11 4 -94 11 11
30 -117 23 23 23 -12 23 -117 -12 23 23 16 16 16 -19 -19 16 16 16 16 16 16 16 16 -89 16 9 9 9 -26 9 9 9 9 9 9 9 9 9 9 -26 9 9 9 9 9 2 2 2 2 2 2 2 2 2 -103
13 20 -99 6 20 20 13 -1 -1 13 13 6 -99 20 20 -8 6 6 6 6 20 -8 13 13 -8 -8 20 20 -106 -1 6 20 20 20 20 -1 13 13 -8 -8 -1 13 13 13 13 -113 6 20 20 20 20 -1 6 -99 20 20
2 16 16 -89 2 23 2 2 2 -12 9 -89 16 2 23 16 2 23 2 23 9 -26 9 9 -5 -19 23 23 9 -110 23 9 30 9 30 16 9 9 -5 -19 9 -5 16 -5 16 2 23 9 30 9 30 16 -26 -110 -19 -19
4 4 11 -94 11 4 4 11 11 11 4 11 11 -94 4 18 18 11 18 11 11 4 11 11 -94 4 11 11 11 4 18 18 11 18 11 11 -94 11 11 4 18 18 11 18 11 11 18 18 11 18 11 11 -10 -122 -17 -17
13 27 6 -99 20 13 20 -1 -1 13 6 -92 13 27 20 -8 6 -1 6 -1 13 -106 13 13 -8 -15 27 27 6 -1 6 20 13 20 13 -8 20 20 -1 -8 -1 13 6 13 6 -15 13 27 20 27 20 -106 -99 -1 13 13
16 9 9 9 9 9 16 16 16 -89 16 9 9 9 -96 -12 9 9 9 9 9 16 16 16 16 -89 9 9 -96 9 -12 9 9 9 9 9 16 16 16 16 -110 16 16 16 16 16 -12 9 9 9 9 9 -12 -12 9 9
27 -85 13 13 20 27 20 -92 13 20 27 6 6 13 20 -1 6 13 6 13 -85 20 13 13 -85 27 6 6 13 20 -1 6 13 6 -92 20 6 6 13 -85 -1 6 13 6 13 20 -8 -1 6 -1 6 13 -8 -1 6 6
4 4 11 -87 -3 11 -3 4 11 -10 4 4 11 -10 4 18 -3 11 4 18 -3 11 -87 25 4 18 18 25 4 -87 32 11 25 18 32 11 11 -87 -3 11 25 4 18 11 25 4 25 4 18 11 25 4 -17 -108 -24 -17
13 20 13 -92 13 13 13 6 6 6 6 13 13 -92 13 6 6 6 6 6 6 20 13 13 -92 13 20 20 20 -85 13 13 13 13 13 13 -92 13 13 13 6 6 6 6 6 6 13 13 13 13 13 13 6 -99 6 6
18 11 4 -87 11 18 11 4 18 11 -87 -3 11 4 11 4 -3 4 11 18 11 18 11 25 -87 25 4 18 11 -87 11 4 11 18 25 18 4 -87 11 18 11 4 11 18 25 18 4 -3 4 11 18 11 -31 -24 -31 -17
13 20 6 -99 13 27 -8 13 13 -15 -1 20 20 -8 -99 6 13 27 13 27 -1 13 -1 -1 6 20 -99 6 13 27 -8 -1 13 -1 13 20 13 13 -15 -1 -1 6 20 6 20 -113 6 13 27 13 27 -1 -1 -92 20 20
11 4 4 4 11 11 11 -94 11 18 18 4 4 11 11 4 11 11 11 11 -87 11 11 11 -87 18 4 4 11 11 4 11 11 11 -94 18 11 11 18 -87 11 18 18 18 18 25 -31 -24 11 -24 11 18 -24 11 18 18
9 9 -96 16 23 9 2 2 9 16 2 2 -96 16 2 9 16 2 23 9 16 9 9 16 23 9 9 16 -12 -26 16 23 9 30 16 -117 2 9 16 2 -26 -19 2 -117 9 16 9 16 2 23 9 -19 -12 9 16 23
9 -26 16 9 16 -19 9 -89 9 16 16 16 9 16 -124 16 23 23 16 16 23 2 9 2 -96 9 9 2 9 -26 9 16 16 9 9 16 9 2 9 9 9 16 16 9 9 16 9 16 16 9 9 16 -124 -19 -12 -19
18 25 18 -87 18 18 18 11 11 -94 11 -87 18 18 18 11 11 11 11 11 11 -17 11 11 11 -24 18 18 18 -122 11 11 11 11 11 11 11 11 11 -24 4 4 4 4 4 4 11 11 11 11 11 11 -101 4 4 4
9 2 16 -96 23 16 -5 -26 2 -19 9 2 -5 9 2 9 -12 16 16 9 23 2 16 9 23 16 9 2 -19 -26 16 30 23 23 16 -110 2 -5 9 2 9 -117 16 16 9 23 2 16 9 9 2 -19 23 -89 30 23
17 10 3 10 10 10 24 17 24 -11 -11 10 -88 17 17 10 10 10 17 17 -123 -95 3 10 10 10 -4 3 3 3 -4 -4 -4 3 3 3 10 17 17 17 -95 10 10 17 17 -18 3 3 3 10 10 10 3 3 3 10
10 -88 3 3 17 10 17 3 3 17 10 10 10 24 17 -4 10 3 10 3 -88 17 3 3 -88 10 10 10 24 17 -4 10 3 10 3 17 10 10 24 -88 -4 10 3 10 3 17 -32 -18 10 -18 10 24 -32 -4 10 10
6 -1 6 6 13 6 6 13 13 -15 -127 6 6 13 6 -8 20 13 20 13 -15 -1 6 6 13 6 -1 -1 -99 -1 -15 13 6 13 6 13 6 6 13 6 -8 20 13 20 13 -15 -15 13 6 13 6 13 -106 -8 20 20
10 24 10 -95 17 24 10 -4 -4 3 10 -95 10 17 24 -4 3 10 3 10 17 -11 10 10 -18 -11 24 24 -39 -32 10 17 24 17 24 -39 10 10 -18 -11 -4 3 10 3 10 -18 10 17 24 17 24 -39 3 -95 17 17
3 3 3 3 3 10 10 10 10 10 -88 -95 10 10 17 10 10 17 10 17 17 3 3 3 3 10 3 3 -32 -25 3 3 10 3 10 -25 10 10 10 17 10 10 17 -95 17 17 10 10 17 10 17 -18 10 -88 17 17
15 1 -6 -6 1 1 15 8 8 15 15 -6 -6 1 1 -34 -6 -6 -6 -6 1 -104 29 29 1 1 15 15 -13 -13 -13 15 15 15 15 -13 29 29 1 1 -104 29 29 29 29 -104 -13 15 15 15 15 -13 -13 -13 15 15
-2 12 12 5 -9 12 5 5 -2 -16 -100 19 12 -2 19 12 -2 19 -9 12 -2 19 19 12 -2 19 -107 -9 12 -2 -9 12 -2 5 -9 12 26 19 -100 26 19 5 26 -2 19 5 -2 19 5 12 -2 19 12 -107 19 12
22 15 15 -104 22 15 8 8 -6 15 8 1 -13 8 1 -13 8 1 -6 -13 8 -90 15 22 22 15 8 15 15 8 15 15 8 22 15 -90 1 8 8 1 8 -97 1 15 8 8 1 1 -6 8 1 1 8 1 1 8
20 13 13 -106 20 20 6 6 -8 13 13 -1 -15 6 6 -15 6 6 -8 -8 13 13 13 20 -120 -15 6 13 13 13 13 13 13 20 20 -15 -1 6 6 6 6 6 6 13 13 -22 -1 -1 -106 6 6 6 6 6 6 13
17 -95 10 3 10 10 17 -88 10 17 17 10 3 10 10 3 10 10 3 3 10 17 17 10 -88 17 10 3 10 10 3 10 10 3 3 10 17 10 17 -88 10 17 17 10 10 17 3 10 10 3 3 10 -32 -32 -25 -32
12 5 5 5 -9 12 12 12 12 -2 -86 5 5 -9 12 5 -9 12 -9 12 -2 19 -86 19 5 26 12 12 -2 -86 12 -2 19 -2 19 5 19 -86 5 26 19 5 26 5 26 12 12 -2 19 -2 19 5 -2 -86 5 5
19 12 5 5 12 12 19 12 12 -86 19 5 5 12 -93 -2 5 5 5 5 12 -86 12 12 19 19 5 5 12 12 -2 5 5 5 5 -93 12 12 19 19 -100 12 12 12 12 19 -2 5 5 5 5 12 -2 -2 5 5
19 12 5 12 12 5 19 12 19 -86 12 5 -93 12 5 5 5 -2 12 5 5 -86 12 19 19 12 5 12 12 5 5 5 -2 12 5 -100 12 19 19 12 -93 12 5 19 12 12 5 5 -2 12 5 5 5 -2 -2 5
17 31 10 3 17 17 24 3 -4 10 10 -123 -25 24 24 -46 3 3 -4 -4 10 -102 17 10 -11 -11 31 24 3 3 3 17 17 10 10 -116 24 17 -4 -4 -4 10 10 3 3 -18 -25 24 24 17 17 -4 -4 -4 10 3
13 -22 13 -127 13 6 13 13 13 -8 6 13 -22 13 6 13 13 6 13 6 6 13 13 13 -8 6 13 -22 13 6 13 13 6 13 6 6 13 13 -8 6 13 -113 6 -8 6 -15 13 13 -99 13 6 6 13 6 6 6
12 5 12 12 12 12 5 12 -93 12 12 5 5 5 -100 12 12 12 12 12 12 5 12 12 -93 12 5 5 5 5 12 12 -93 12 12 12 5 5 5 5 12 12 12 12 12 12 5 5 5 5 5 5 -93 12 12 12
3 3 3 3 3 10 10 -95 10 10 17 10 10 10 17 10 10 17 10 17 -88 3 3 3 3 10 3 3 3 10 3 3 10 3 -95 10 10 10 10 -88 10 10 17 10 17 17 -25 -25 17 -25 17 17 -25 17 17 17
8 22 -27 -27 22 22 8 -6 -6 8 8 8 8 22 22 -146 8 8 8 8 22 -13 8 8 -13 -13 22 22 -34 -34 -27 22 22 22 22 -34 8 8 -13 -13 -6 8 8 8 8 -13 8 22 22 22 22 -139 8 8 22 22
-6 15 -6 -13 15 15 22 -139 -41 22 22 22 15 8 8 -41 22 22 15 15 8 15 -6 -13 15 15 15 8 -34 -34 -13 15 15 8 8 -34 22 15 8 8 -41 22 22 15 15 8 15 8 8 1 1 -146 15 15 8 1
-20 8 15 8 8 -34 15 22 15 15 -27 15 -97 8 1 15 15 8 8 1 1 15 22 15 15 -27 -90 8 8 1 15 15 8 8 1 1 22 15 15 8 -13 -118 15 -20 8 8 15 15 8 8 1 1 -20 8 8 1
13 27 20 -106 13 13 13 6 -15 -1 -1 20 -1 13 13 -8 6 6 -15 -15 -1 -15 -22 13 6 6 -113 27 20 20 20 13 13 13 13 6 -22 13 6 6 6 -1 -1 -1 -1 -8 20 13 13 13 13 -99 6 6 -1 -1
22 22 1 -111 29 22 15 -6 -13 22 15 -6 -13 22 15 -34 1 -6 -6 -13 22 -6 8 22 -104 -6 8 22 1 -6 1 15 8 29 22 1 1 15 -6 -13 -6 8 1 22 15 -6 -6 8 1 22 15 -111 1 -6 8 22
10 10 3 3 17 17 10 3 -102 17 17 3 3 17 17 -4 -95 10 10 10 24 -18 10 10 -11 -11 10 10 -46 -46 3 17 17 17 17 -39 10 10 -11 -11 3 17 17 17 17 -4 3 17 17 17 17 -39 10 -95 24 24
15 -6 -6 -111 22 22 15 15 15 8 8 -111 -6 22 22 -6 22 22 22 22 -6 8 8 8 1 1 -13 -13 15 15 -13 15 15 15 15 -13 8 8 1 1 8 1 1 1 1 -132 -13 15 15 15 15 -13 15 15 -13 -13
15 -27 8 8 8 -27 15 -90 15 15 15 8 8 8 -27 8 8 8 8 8 8 15 15 15 -90 15 8 8 8 -27 8 8 8 8 8 8 15 -90 15 15 15 15 15 15 15 15 8 8 8 8 8 8 -27 -27 -27 -27
6 20 6 -113 13 13 13 -1 -15 6 6 13 -1 20 20 -15 6 6 -8 -8 13 13 -1 6 6 6 13 20 -15 -15 6 6 6 13 13 -22 -99 13 13 13 -1 -1 -1 6 6 6 13 13 13 20 20 -120 6 6 6 13
26 26 12 -93 12 12 26 12 12 12 12 -93 12 12 12 -2 -2 -2 -2 -2 -2 -100 26 26 -9 -9 26 26 -9 -9 12 12 12 12 12 -23 26 26 -9 -9 -93 12 12 12 12 -23 12 12 12 12 12 -23 -2 -2 -2 -2
13 20 -8 -120 20 20 20 -8 -15 20 20 -1 -8 27 27 -36 -1 -1 -8 -8 27 -8 -1 13 -8 -8 6 20 -1 -1 -8 6 6 20 20 -1 6 20 -36 -36 -8 6 6 20 20 -36 -1 13 13 27 27 -134 -1 -1 13 27
24 24 17 -88 24 24 24 17 17 -116 -11 -88 17 24 24 10 17 17 17 17 -11 10 3 3 10 10 3 3 10 -95 -4 3 3 3 3 10 3 3 10 10 -4 3 3 3 3 -25 -4 3 3 3 3 10 -4 -4 3 3
15 29 -27 -125 29 29 8 -13 -6 8 8 1 8 22 22 -48 1 1 8 8 22 -6 8 15 -6 -6 22 29 -27 -27 -27 22 22 29 29 -27 1 8 -13 -13 -13 1 1 8 8 -13 1 15 15 22 22 -139 1 1 15 22
17 -32 24 -32 17 -4 17 -102 17 -4 10 24 -32 17 -4 24 3 17 17 -4 10 17 3 17 -4 10 24 -137 17 -4 24 3 17 17 -4 10 3 17 -4 10 3 -18 -4 -4 10 -11 24 3 17 17 -4 10 3 17 -109 10
17 10 -4 -4 24 17 -11 10 10 -32 -39 3 3 -4 -11 -11 17 10 17 10 -32 17 3 3 31 24 -109 -4 24 17 -18 10 3 -95 3 31 10 10 3 -4 -4 24 17 24 17 -130 -11 17 10 17 10 3 3 -4 24 24
-15 13 -36 -36 20 20 6 -8 -8 13 13 20 20 6 6 -134 27 27 27 27 -8 -1 -15 -15 6 6 13 13 -1 -1 -36 20 20 20 20 -15 6 6 -8 -8 -8 13 13 13 13 -22 20 6 6 6 6 -134 27 27 -8 -8
31 31 17 -88 17 17 31 17 17 -88 17 -88 17 17 17 3 3 3 3 3 3 -109 17 17 17 -18 17 17 17 -18 3 3 3 3 3 3 17 17 17 -18 3 3 3 3 3 3 3 3 3 3 3 3 -11 -11 -11 -11
17 3 10 -88 3 10 10 17 24 10 -88 3 10 -4 3 17 3 10 10 17 3 10 17 24 10 17 3 10 -4 -102 17 3 10 10 17 3 10 17 3 10 -116 -25 17 -18 24 10 10 -4 3 3 10 -4 -25 17 3 10
15 -97 8 15 15 15 8 -97 15 15 15 1 8 8 8 8 8 8 15 -6 15 8 8 15 -90 15 1 8 8 8 8 8 8 15 -6 15 1 8 8 8 8 8 8 15 -6 15 1 1 1 8 -13 8 8 -13 8 -111
8 8 8 -90 1 15 1 1 8 -6 8 1 8 -6 8 8 -6 8 1 15 1 -125 15 22 8 -13 15 22 8 -13 22 8 22 15 29 15 8 15 1 -20 15 1 15 8 22 8 15 1 15 8 22 8 -27 -118 -27 -20
19 -9 19 -9 19 -9 12 -100 12 5 12 12 -16 12 -16 12 5 12 12 -16 12 19 12 19 -93 19 19 -114 19 -9 19 12 19 19 -9 19 5 12 5 12 5 -2 5 5 12 5 12 5 12 12 -16 12 5 12 -100 12
3 3 10 -95 17 17 -11 -4 -4 3 3 -4 -4 3 3 3 10 10 10 10 17 3 10 10 17 17 10 10 -18 -18 17 24 24 24 24 -109 -4 -4 3 3 3 -95 10 10 10 17 3 10 10 10 10 -18 17 -88 24 24
3 31 3 -102 31 24 10 -18 -18 10 3 10 10 3 -4 -18 10 3 10 3 -4 31 -102 3 31 24 31 31 -116 -18 3 31 24 31 24 -18 10 10 3 -4 -18 10 3 10 3 -4 10 3 -4 3 -4 -46 10 3 -4 -4
2 2 2 -19 2 2 2 2 2 2 -19 2 2 2 2 2 2 2 2 2 2 2 2 2 2 2 2 2 -5 -5 2 2 2 2 2 -5 -19 2 2 2 2 2 2 2 2 2 2 2 2 2 2 -5 -19 2 2 2
15 15 15 -90 8 8 15 15 15 8 8 -90 15 8 8 15 8 8 8 8 -20 15 -90 15 8 8 15 15 8 8 15 8 8 8 8 -20 15 -90 8 8 15 8 8 8 8 -20 15 8 8 8 8 -20 8 8 -20 -20
19 26 5 -100 19 26 -2 12 12 -9 -2 19 19 -2 -100 -2 12 19 12 19 -2 19 -2 -2 12 19 -100 5 19 26 -16 -2 5 -2 5 19 12 12 -9 -2 -9 5 12 5 12 -114 -2 12 19 12 19 -2 -9 -2 12 12
-4 24 -4 -109 24 24 17 -116 -11 17 17 17 17 10 10 -11 17 17 17 17 10 17 -11 -11 17 17 17 17 -25 -25 -11 17 17 17 17 -25 10 10 3 3 -18 10 10 10 10 3 10 3 3 3 3 -144 10 10 3 3
-8 -1 -1 -1 13 -1 -1 -1 -1 -92 -1 6 6 20 6 -15 20 6 20 6 20 -1 -1 -1 13 -1 6 6 -15 -29 -15 20 6 20 6 -15 6 6 20 6 -15 20 6 20 6 20 -8 27 13 27 13 -113 -99 -8 27 27
-4 24 -4 -109 24 24 10 -18 -18 10 10 10 10 3 3 -18 10 10 10 10 3 24 -109 -4 24 24 24 24 -18 -18 -4 24 24 24 24 -18 10 10 3 3 -18 10 10 10 10 3 10 3 3 3 3 -144 10 10 3 3
17 10 3 3 10 17 24 -88 17 24 31 10 10 -18 -11 3 10 17 10 17 -116 -95 3 3 10 17 -4 -4 3 10 -11 -4 3 -4 3 10 10 10 17 24 3 10 17 10 -88 24 -4 3 10 3 10 -18 -4 3 10 10
5 19 -100 5 19 12 12 -2 -2 12 5 12 -93 26 19 -2 12 5 12 5 19 -16 5 5 -16 -23 19 19 -2 -9 5 19 12 19 12 -9 12 12 -9 -16 -2 12 5 12 5 -16 12 26 19 26 19 -107 -93 5 19 19
-4 3 10 -95 3 3 3 10 10 3 3 -88 17 10 10 24 17 17 17 17 10 -4 3 3 -4 -4 10 10 3 3 17 10 10 10 10 3 10 10 -102 3 17 10 10 10 10 3 24 17 17 17 17 10 -11 -116 -18 -18
12 12 -2 -100 12 26 5 -9 -2 5 19 -9 -2 5 19 -16 -9 5 -2 12 19 -9 12 19 -9 -100 12 19 -9 5 5 12 26 19 33 5 5 12 -16 -2 -2 5 19 12 26 -2 -2 5 19 12 26 -107 -2 -93 19 26
15 29 -20 -20 29 22 8 -6 -6 8 1 8 8 22 15 -146 8 1 8 1 15 -6 15 15 -6 -13 29 29 -132 -34 -20 29 22 29 22 -34 8 8 -13 -20 -6 8 1 8 1 -20 8 22 15 22 15 -41 8 1 15 15
-2 5 -2 -2 -2 -2 5 -2 -2 -2 -2 5 5 5 5 -2 -2 -2 -2 -2 -2 19 12 12 -93 12 19 19 19 -86 12 12 12 12 12 12 19 -86 19 19 12 12 12 12 12 12 19 -86 19 19 19 19 12 -93 12 12
10 31 3 -102 24 24 17 -11 -11 10 10 -95 10 31 31 -18 3 3 3 3 24 -4 3 3 -11 -11 24 24 -25 -25 -4 17 17 17 17 -32 10 10 -4 -4 -18 3 3 3 3 -11 3 24 24 24 24 -130 -4 -4 17 17
8 15 15 -90 22 15 -34 -34 1 8 1 -27 8 15 8 8 15 8 15 8 15 8 8 8 15 8 15 15 -13 -20 15 22 15 22 15 -118 -34 1 8 1 1 8 1 8 1 8 8 15 8 15 8 -20 -90 8 15 15
-125 -20 15 15 22 8 -20 15 15 22 8 15 15 22 8 15 22 8 22 8 -90 -27 8 8 15 1 8 8 15 1 8 15 1 15 1 8 8 8 15 1 8 15 1 15 1 8 -27 -20 1 -20 1 8 -125 1 8 8
-13 22 15 -118 22 22 8 1 -27 8 8 1 8 8 8 1 1 1 8 8 8 22 15 -13 22 22 15 22 -13 -118 15 15 15 22 22 -13 1 8 8 8 1 -104 1 8 8 8 1 1 1 8 8 -27 1 1 1 8
-4 -4 3 3 -4 -4 10 17 17 10 10 -88 17 10 10 24 17 17 17 -88 10 -4 3 3 -4 -4 3 3 -4 -4 10 3 3 3 3 -4 17 17 10 -95 -11 -18 17 -18 17 10 24 17 17 17 17 10 -116 24 17 17
19 19 12 -93 19 19 12 5 5 12 12 5 5 12 12 -2 5 5 5 5 -93 19 12 12 -86 19 -93 12 19 19 5 12 12 12 12 19 5 5 12 -93 -2 5 5 5 5 12 -2 5 5 5 5 12 -2 -2 5 5
8 -27 15 -111 15 15 1 8 22 -97 8 8 -13 8 8 29 15 15 29 29 15 -6 1 15 1 1 1 -20 1 1 22 8 8 22 22 8 -6 8 -6 -6 15 1 1 15 15 1 15 1 1 15 15 1 -13 -118 -27 -13
17 17 10 -88 17 17 10 3 10 -95 10 3 10 10 10 3 3 3 10 10 10 -18 10 17 17 -18 10 17 17 -123 10 10 10 17 17 17 3 10 10 -25 3 3 3 10 10 10 3 3 3 10 10 10 -102 3 3 10
10 24 17 -88 3 24 10 3 3 -11 10 -88 17 3 24 10 -4 17 -4 17 3 -18 10 10 -4 -18 24 24 10 -109 17 3 24 3 24 10 10 10 -4 -18 3 -11 10 -11 10 -4 17 3 24 3 24 10 -4 -88 3 3
22 1 1 -6 15 22 22 22 15 -34 -132 1 -6 15 22 -6 15 22 8 15 -34 22 22 15 1 8 -139 -41 15 22 -41 15 22 8 15 1 22 15 1 8 15 1 8 -6 1 -48 -41 15 22 8 15 1 8 15 1 -6
13 27 -1 -113 27 27 13 -15 -22 13 13 -1 -8 27 27 -36 -1 -1 -8 -8 27 -8 -1 13 -8 -8 13 27 -29 -29 -1 13 13 27 27 -29 -1 13 -8 -8 -15 -1 -1 13 13 -8 -1 13 13 27 27 -134 -1 -1 13 27
1 -27 8 8 15 -20 1 1 1 8 8 8 8 15 -125 8 15 15 15 15 22 1 1 1 -97 8 8 8 15 -20 8 15 15 15 15 22 1 1 8 8 1 8 8 8 8 15 8 15 15 15 15 22 -125 -20 -13 -13
20 13 -22 -120 20 20 13 13 20 -1 20 6 13 13 -92 -22 13 13 20 20 20 6 6 13 -8 13 -1 6 6 6 -29 6 6 13 13 13 -1 6 -15 6 6 -15 6 -8 13 -113 -1 -1 -1 6 6 6 6 6 6 13
-4 10 3 -4 3 17 10 3 -4 3 -88 -88 10 17 31 3 10 24 3 17 24 3 -4 -11 -4 10 10 3 -25 -11 -4 3 17 -4 10 -18 10 3 10 24 -4 3 17 -4 10 17 10 17 31 10 24 -109 3 -88 24 17
17 24 17 -95 17 10 17 10 3 10 3 17 10 17 10 3 -95 3 3 -4 3 -116 -18 10 17 10 -11 17 24 17 10 17 10 10 3 10 -18 10 17 10 3 10 3 3 -4 3 10 17 10 10 3 -95 3 -4 3 -4
8 22 15 -90 8 22 8 1 1 -6 8 -90 15 8 22 8 1 15 1 15 8 -20 8 8 1 -20 22 22 15 -111 15 8 22 8 22 15 8 8 1 -20 1 -6 8 -6 8 1 15 8 22 8 22 15 -34 -20 -27 -27
10 3 -4 3 3 10 10 3 10 10 -88 -4 3 3 10 -4 -4 3 3 10 10 17 10 17 -88 24 3 10 10 -88 3 3 10 10 17 17 10 -88 17 24 10 10 17 17 24 24 3 3 10 10 17 17 -32 -25 -25 -18
5 -93 5 -2 12 -2 12 5 -2 12 -2 12 5 19 5 -2 12 -2 5 -9 5 19 12 5 -86 5 19 12 26 12 5 19 5 12 -2 12 -86 12 26 12 5 19 5 12 -2 12 12 26 12 -86 5 19 12 -2 -93 5
2 -2 -2 -2 2 2 2 2 2 -4 -4 -2 -2 2 2 -2 2 2 2 2 -4 2 2 2 1 1 -7 -7 2 2 -7 2 2 2 2 1 2 2 1 1 2 1 1 1 1 -20 -7 2 2 2 2 1 2 2 1 1
-3 -3 -3 -3 -3 -10 4 4 4 4 -3 4 4 4 -3 4 4 -3 4 -3 -3 11 11 11 -94 4 11 11 11 4 11 11 4 11 4 4 18 -87 18 11 18 18 11 18 11 11 18 -87 11 18 11 11 18 -94 11 11
25 25 4 -94 25 25 11 -10 -3 11 11 -10 -3 11 11 -24 -10 -10 -3 -3 11 -101 18 25 4 4 18 25 4 4 4 18 18 25 25 -101 4 11 -10 -10 -10 4 4 11 11 -10 -10 4 4 11 11 -10 -10 -10 4 11
1 2 1 -13 2 2 0 -1 0 0 0 0 1 1 1 0 0 0 1 1 1 2 1 2 2 2 2 3 -2 -17 2 2 2 3 3 -2 0 1 1 1 -5 -5 0 -4 1 1 1 1 1 2 2 -3 -4 1 1 2
0 -1 0 0 1 0 0 1 1 2 -14 0 0 1 0 1 2 1 2 1 2 0 1 1 2 1 0 0 -4 -5 1 2 1 2 1 -3 1 1 2 1 -3 -2 2 -2 2 3 1 2 1 2 1 -3 -17 2 3 3
1 1 1 -14 2 2 1 1 1 2 2 -14 1 2 2 1 2 2 2 2 0 0 0 0 1 1 0 0 1 1 0 1 1 1 1 -1 0 0 1 1 0 1 1 1 1 -16 0 1 1 1 1 -1 1 1 -1 -1
1 1 2 -1 0 2 1 2 -1 0 2 2 -1 0 2 -15 1 3 -2 0 1 0 1 1 -1 -14 1 1 -1 1 2 0 2 0 2 0 1 1 -1 1 2 0 2 0 2 0 2 0 -13 0 2 0 1 3 1 1
18 18 4 4 18 18 18 4 4 -87 18 4 4 18 -87 -10 4 4 4 4 18 -87 4 4 18 18 4 4 18 18 -10 4 4 4 4 -87 4 4 18 18 -10 4 4 4 4 18 -10 4 4 4 4 18 -10 -10 4 4
1 1 -1 -1 1 2 1 -1 -1 1 2 -1 -1 1 2 -6 -1 0 -1 0 2 -1 2 2 -1 -15 2 2 -1 0 -3 2 3 2 3 0 2 2 -1 0 -3 2 3 2 3 0 -3 2 3 2 3 -15 -3 -2 3 3
1 2 0 -2 2 2 2 0 -2 2 2 1 -1 3 3 -18 1 1 -1 -1 3 -3 0 1 -3 -3 1 2 -2 -2 0 1 1 2 2 -2 1 2 -2 -2 0 1 1 2 2 -2 1 2 2 3 3 -16 1 1 2 3
2 1 1 -13 1 1 1 1 2 1 1 0 1 0 0 1 0 0 1 1 -3 2 -13 3 2 2 1 2 1 1 2 1 1 2 2 -2 1 -13 1 1 2 1 1 2 2 -2 1 0 0 1 1 -3 1 1 -3 -2
18 25 4 -3 18 18 18 -3 -10 11 11 -101 -3 18 18 -24 -3 -3 -10 -10 11 -101 18 11 -3 -3 25 18 4 4 -3 18 18 11 11 -108 18 11 -3 -3 -10 11 11 4 4 -10 -3 18 18 11 11 -3 -10 -10 11 4
1 1 0 0 1 2 -7 2 2 -7 -1 2 2 -7 -1 1 2 3 2 3 -1 1 0 0 1 2 0 0 1 2 -6 0 -4 0 -4 2 2 2 -7 -1 1 2 3 2 3 -1 1 2 3 2 3 -1 1 -18 3 3
19 19 -2 -9 19 19 19 -2 -114 19 19 -2 -9 19 19 -30 -2 -2 -9 -9 19 -9 5 19 -9 -9 5 19 -44 -44 -2 5 5 19 19 -44 5 19 -9 -9 -2 5 5 19 19 -9 -2 5 5 19 19 -44 -2 -2 5 19
23 23 -5 2 23 9 23 -5 -103 23 9 -5 2 23 9 -26 -5 -19 2 -12 9 -26 16 23 -26 -5 16 23 -131 -5 -5 16 2 23 9 -5 16 23 -26 -5 -5 16 2 23 9 -5 -5 16 2 23 9 -5 -5 -19 2 9
9 9 2 2 9 9 16 9 9 -19 -19 9 -96 16 16 2 9 9 9 9 -19 9 2 2 9 9 -103 2 9 9 -5 2 2 2 2 9 9 9 16 16 2 9 9 9 9 -124 2 9 9 9 9 16 2 2 9 9
18 18 -101 4 18 18 18 4 4 18 18 4 -101 18 18 -10 4 4 4 4 18 -10 11 11 -10 -10 11 11 -10 -10 -3 11 11 11 11 -10 11 11 -10 -10 -3 11 11 11 11 -115 -3 11 11 11 11 -10 -3 -3 11 11
5 12 5 5 12 12 5 -2 -2 5 5 5 5 12 12 -128 5 5 5 5 12 -16 12 12 -16 -16 19 19 -44 -44 -9 19 19 19 19 -44 12 12 -16 -16 -16 12 12 12 12 -16 -9 19 19 19 19 -44 -9 -9 19 19
23 -26 23 -26 23 23 -5 9 -5 9 9 -5 -54 -5 -5 -5 9 9 -5 -5 9 23 2 23 -103 2 23 -26 23 23 23 2 -103 23 23 2 9 -5 9 9 9 -12 -12 9 9 -12 -5 9 9 -5 -5 9 9 9 -12 9
-2 -2 5 5 5 5 5 -23 -23 12 12 12 12 12 12 -121 19 19 19 19 -2 -9 -2 -2 -2 -2 -2 -2 -2 -2 5 5 5 5 5 -16 5 5 5 5 -23 12 12 12 12 -9 12 12 12 12 12 -114 19 19 -2 -2
0 -1 3 1 1 1 0 1 -1 -1 -1 3 1 1 1 -13 2 2 0 0 0 -2 2 0 0 0 -14 -1 -1 -1 3 3 3 1 1 1 2 0 0 0 1 1 1 -1 -1 -1 3 3 3 1 1 1 2 2 -13 0
-1 3 -4 -4 3 3 1 -1 -1 1 1 3 3 0 0 -19 3 3 3 3 0 1 -1 -1 1 1 3 3 -5 -5 -4 3 3 3 3 -5 1 1 -2 -2 -1 1 1 1 1 -2 3 0 0 0 0 -8 3 3 0 0
2 2 16 2 9 9 -5 9 -5 2 2 9 -5 2 2 9 -89 16 2 2 9 2 -89 2 9 9 16 2 -26 -26 16 23 23 9 9 -19 9 -5 2 2 9 16 16 2 2 9 9 16 16 2 2 -26 16 -89 23 9
9 16 -26 -26 16 16 9 2 2 9 9 9 9 16 16 -138 9 9 9 9 16 -19 9 9 -19 -19 16 16 -12 -12 -26 16 16 16 16 -12 9 9 -19 -19 2 9 9 9 9 -19 9 16 16 16 16 -117 9 9 16 16
-2 0 -2 -2 2 2 1 -1 -1 3 3 1 1 0 0 -1 3 3 3 3 -16 0 -2 -2 2 2 0 0 -1 -1 -2 2 2 2 2 -2 1 1 0 0 -16 3 3 3 3 -1 1 0 0 0 0 -4 3 3 -1 -1
2 -89 2 2 9 9 16 2 2 9 9 16 16 23 23 2 9 9 9 9 -89 9 -5 -5 2 2 9 9 16 16 -5 2 2 2 2 9 9 9 16 -89 -5 2 2 2 2 9 -26 -19 16 -19 16 23 -33 2 9 9
-10 -3 4 -10 -3 -3 4 11 -3 4 4 -87 4 11 11 11 18 18 4 4 11 -3 4 -10 -3 -3 11 -3 4 4 4 11 11 -3 -3 4 18 4 11 11 11 -87 18 4 4 11 18 25 25 11 11 -87 18 -87 25 11
9 9 16 -89 9 16 2 9 9 -33 -26 9 9 2 9 16 9 16 9 16 -26 2 9 9 2 9 -96 9 2 9 16 9 16 9 16 9 2 2 -5 2 9 2 9 2 9 -33 9 2 9 2 9 2 9 -89 9 9
16 23 -19 -19 23 16 9 2 2 9 2 9 9 16 9 -138 9 2 9 2 9 -12 16 16 -12 -19 23 23 -110 -12 -19 23 16 23 16 -12 9 9 -19 -26 2 9 2 9 2 -26 9 16 9 16 9 -19 9 2 9 9
23 16 2 -5 16 23 2 23 16 -33 -131 16 9 -5 2 -5 16 23 9 16 -33 16 2 -5 16 23 -110 -12 9 16 -26 -5 2 -12 -5 16 16 9 -5 2 -5 16 23 9 16 -33 -12 9 16 2 9 -5 -12 -5 16 9
16 9 2 -5 9 9 23 -124 -26 23 23 9 2 16 16 -40 9 9 2 2 16 -12 16 9 -12 -12 9 2 -19 -19 -5 9 9 2 2 -19 23 16 -5 -5 -26 23 23 16 16 -5 2 16 16 9 9 -117 2 2 16 9
-94 11 18 11 11 18 4 11 4 4 11 -94 4 4 11 11 11 18 4 11 11 4 11 4 4 11 11 4 4 11 11 11 18 4 11 -94 4 -3 -3 4 4 4 11 -3 4 4 4 4 11 -3 4 4 4 -94 11 4
4 4 11 -87 4 4 4 11 18 4 4 11 18 4 4 25 11 -94 18 18 4 -3 4 11 -3 -3 4 11 -3 -3 18 4 4 11 11 -3 4 11 -3 -3 18 4 4 -94 11 -3 -87 4 4 11 11 -3 18 18 4 11
2 2 2 1 1 2 2 2 1 -4 -18 2 1 1 2 1 1 2 0 1 -4 2 2 1 1 2 -18 -4 1 2 -4 1 2 0 1 1 2 1 1 2 1 1 2 0 1 -4 -4 1 2 0 1 1 0 1 1 0
-3 2 2 2 1 -4 2 2 2 1 -4 2 -13 1 1 2 1 1 1 1 0 2 2 2 1 -4 -13 2 1 1 2 1 1 1 1 0 2 2 1 1 -3 -4 1 -4 1 0 2 1 1 1 1 0 -4 1 0 0
2 -19 2 9 2 -26 16 2 9 2 9 16 23 16 -117 9 2 9 9 16 9 9 -5 2 -5 2 9 16 9 -19 2 -5 2 2 9 2 9 -89 9 16 2 -5 2 2 9 2 16 9 16 16 23 16 -103 9 2 9
16 -5 -40 -40 16 23 16 16 16 2 -96 -5 -5 16 23 -40 16 23 16 23 9 9 9 9 -5 2 -12 -12 9 16 -47 9 16 9 16 2 9 9 -5 2 9 -5 2 -5 2 -12 -12 9 16 9 16 -103 9 16 2 2
16 2 16 -89 16 9 2 -89 16 16 9 2 2 2 -5 16 16 9 16 9 9 2 16 16 -19 -26 2 2 2 -5 16 16 9 16 9 -26 2 2 2 -5 16 16 9 16 9 -26 2 2 -5 2 -5 -5 -89 9 9 9
25 18 11 -94 25 25 11 -101 4 18 18 -3 -3 11 11 -10 4 4 4 4 18 -10 18 18 -3 -3 11 11 -10 -10 4 18 18 18 18 -108 4 4 -17 -17 -3 11 11 11 11 -10 -10 4 4 4 4 -17 -3 -3 11 11
-5 2 2 2 2 2 2 2 2 2 2 -96 9 9 9 9 9 9 9 9 9 2 2 2 2 2 9 9 -26 -26 9 9 9 9 9 -26 9 9 9 9 9 9 9 -96 9 9 16 16 16 16 16 -19 16 -89 16 16
9 16 9 -103 2 2 16 9 2 2 2 16 9 9 9 2 2 2 -5 -5 -5 -12 -19 9 9 9 -12 16 16 16 9 9 9 2 2 2 -117 16 16 16 9 9 9 2 2 2 16 16 16 9 9 -96 2 2 2 -5
2 -1 1 1 1 1 2 1 1 1 1 1 1 1 1 0 0 0 0 0 -15 -15 2 2 2 2 -1 -1 -1 -1 1 1 1 1 1 1 2 2 2 2 -14 1 1 1 1 1 1 1 1 1 1 1 0 0 0 0
18 18 11 -94 11 11 18 -94 11 11 11 11 11 11 11 4 4 4 4 4 4 -10 18 18 -17 -17 18 18 -17 -17 11 11 11 11 11 -24 18 18 -17 -17 11 11 11 11 11 -24 -94 11 11 11 11 -24 4 4 4 4
5 -9 5 5 19 5 5 -2 -2 -23 -37 5 5 19 5 -2 12 -2 12 -2 -23 -9 5 5 19 5 -9 -9 -100 -9 5 19 5 19 5 19 5 5 19 5 -2 12 -2 12 -2 -23 5 19 5 19 5 19 -93 -2 12 12
5 12 12 12 5 5 12 12 12 5 5 -16 -16 12 12 -121 12 12 12 12 -16 -100 5 5 -2 -2 12 12 5 5 12 5 5 5 5 -23 12 12 5 5 12 5 5 5 5 -23 -16 12 12 12 12 -16 12 12 -16 -16
23 9 9 9 16 9 9 9 -96 16 9 -5 -5 2 -5 -5 2 -5 2 -5 2 -12 23 23 -110 23 9 9 -19 9 9 16 -96 16 9 16 9 9 -19 9 9 16 9 16 9 16 -5 2 -5 2 -5 2 2 -5 2 2
5 12 12 -9 5 5 12 12 -9 5 5 19 -2 12 12 -107 12 12 -9 -9 5 5 5 5 -2 -2 12 12 -30 -30 12 5 5 5 5 -37 -93 12 5 5 12 5 5 5 5 -2 19 12 12 12 12 -30 12 12 5 5
-3 -122 -3 -3 -3 4 -3 11 11 11 18 -3 -3 -3 4 11 11 18 11 18 18 -3 11 11 11 18 -3 -3 -3 4 11 11 18 11 18 18 11 11 11 18 -10 -10 -3 -10 -3 -108 11 11 18 11 18 18 -10 -108 -3 -3
11 11 11 4 4 4 18 18 11 -94 11 -87 11 11 11 11 11 11 4 4 4 -94 11 4 4 4 11 4 4 4 4 4 4 -3 -3 -3 18 11 11 11 11 11 11 4 4 4 11 11 11 4 4 4 4 -101 4 -3
19 19 -16 -114 19 19 12 12 19 -9 12 12 19 12 -93 -16 12 12 19 19 12 5 5 12 -16 5 5 12 5 5 -23 5 5 12 12 5 -2 5 -23 -2 5 -23 -2 -16 5 -23 5 -2 -2 5 5 -2 5 5 -2 5
3 2 0 0 3 2 -5 3 3 -19 0 2 2 -5 -1 0 3 2 3 2 0 2 0 0 3 2 -1 -1 2 1 -8 0 -6 0 -6 2 2 2 -5 -1 0 3 2 3 2 0 -1 2 1 2 1 -1 0 -6 2 2
9 16 -5 -5 16 9 16 -5 -5 16 9 2 2 23 16 -54 -33 -5 -33 -5 16 -110 9 9 -5 -12 16 16 2 -5 -5 16 9 16 9 -5 16 16 2 -5 -5 16 9 16 9 -5 2 23 16 23 16 -103 -33 -5 16 16
9 16 9 -96 16 16 16 -96 9 16 16 16 16 -12 -12 9 16 16 16 16 -12 2 -5 -5 2 2 2 2 9 9 -5 2 2 2 2 9 2 2 9 9 -5 2 2 2 2 9 2 9 9 9 9 -124 2 2 9 9
3 -2 -2 1 3 2 3 3 1 -17 -3 -2 1 3 2 1 3 2 1 0 -3 2 2 0 2 1 -18 0 2 1 0 2 1 0 -1 1 2 0 2 1 0 2 1 0 -1 -4 0 2 1 0 -1 1 0 -1 1 -1
0 2 -3 -3 2 2 0 0 0 0 0 2 2 2 2 -18 2 2 2 2 2 0 0 0 0 0 2 2 -3 -3 -3 2 2 2 2 -3 0 0 0 0 0 0 0 0 0 0 2 2 2 2 2 -18 2 2 2 2
-5 -5 2 -89 -5 2 -5 2 16 -5 2 2 16 -5 2 23 2 9 16 23 2 -5 2 16 -5 2 2 16 -5 2 23 2 9 16 23 2 2 -89 -5 2 23 2 9 16 23 2 23 2 9 16 23 2 -12 -110 -26 -12
1 3 1 1 2 2 2 0 0 1 1 -3 -3 3 3 -20 1 1 1 1 2 -2 1 1 -3 -3 3 3 -6 -6 1 2 2 2 2 -7 2 2 -2 -2 0 1 1 1 1 -3 -3 3 3 3 3 -6 1 1 2 2
12 -9 12 5 5 5 12 12 5 -100 5 12 5 5 5 5 5 5 -2 -2 -2 -2 19 12 12 12 -107 -9 -9 -9 12 12 12 5 5 5 19 12 12 12 -23 12 -23 5 -30 5 12 12 12 5 5 5 5 -30 5 -2
9 -12 -5 -5 9 9 2 9 9 -12 -12 -12 -12 2 2 -5 9 9 9 9 -12 16 23 23 2 2 -33 -33 16 16 -131 23 23 23 23 2 16 16 -5 -5 23 2 2 2 2 -124 -33 16 16 16 16 -5 23 23 2 2
9 16 2 -96 23 16 9 -5 2 -89 9 2 9 23 16 -5 9 2 16 9 23 9 -5 2 16 9 2 9 -12 -19 -5 9 2 16 9 -12 -5 2 16 9 -12 2 -5 9 2 16 -5 9 2 16 9 -117 2 -5 9 16
5 -16 5 -121 19 19 5 -9 5 5 5 5 -16 19 19 5 5 5 19 19 -2 5 -9 5 5 5 5 -16 19 19 5 5 5 19 19 -2 -9 5 5 5 -9 -9 -9 5 5 -16 5 5 5 19 19 -107 5 5 -16 -2
3 17 3 -4 3 3 17 3 -4 3 3 -88 10 17 17 -4 3 3 -4 -4 3 17 3 -4 3 3 17 10 -88 17 -4 3 3 -4 -4 3 17 10 17 -88 -4 3 3 -4 -4 3 10 17 17 10 10 17 -4 -4 3 -4
-1 -1 6 6 -1 6 -36 6 6 -36 6 6 6 -36 6 13 6 13 6 13 6 -1 6 6 -1 6 6 6 -1 6 -22 6 -22 6 -22 6 6 6 -36 6 13 6 13 6 13 6 13 6 13 6 13 6 13 -120 13 13
15 15 -20 -20 15 15 1 1 1 1 1 1 1 1 1 -34 1 1 1 1 1 -90 15 15 15 15 15 15 15 15 -20 15 15 15 15 -90 1 1 1 1 1 1 1 1 1 1 1 1 1 1 1 1 1 1 1 1
10 3 3 3 3 3 -95 10 10 10 10 3 3 3 3 3 3 3 3 3 3 10 10 10 -95 10 3 3 3 3 3 3 3 3 3 3 10 10 10 10 10 10 10 10 10 10 3 3 3 3 3 3 3 -102 3 3
8 8 8 1 15 15 1 -104 -6 8 8 1 -6 8 8 -6 8 8 1 1 15 8 8 1 15 15 8 1 -20 -20 1 15 15 8 8 -118 1 -6 8 8 -6 8 8 1 1 15 -6 8 8 1 1 -20 1 1 15 8
2 -33 2 2 2 2 2 2 2 2 2 2 2 2 2 -5 2 2 2 2 2 2 2 2 2 2 2 2 2 2 -5 2 2 2 2 2 2 2 2 2 -5 2 2 2 2 -33 -5 2 2 2 2 2 -5 -5 2 2
17 3 3 -102 17 17 17 17 17 -4 -4 -102 3 17 17 3 17 17 17 17 -4 10 10 10 -11 -11 -4 -4 10 10 -4 10 10 10 10 -11 10 10 -11 -11 10 -11 -11 -11 -11 -32 -4 10 10 10 10 -11 10 10 -11 -11
-8 -36 6 6 6 -29 -8 -1 -1 -1 -1 6 6 6 -29 13 13 13 13 13 13 -8 -1 -1 -1 -1 6 6 6 -29 13 13 13 13 13 13 -1 -1 -1 -1 6 6 6 6 6 6 13 13 13 13 13 13 -120 -15 -15 -15
15 -13 -41 -41 15 15 8 15 15 1 1 -13 -13 8 8 -41 15 15 15 15 1 8 15 15 1 1 -13 -13 8 8 -41 15 15 15 15 1 8 8 -6 -6 15 1 1 1 1 -118 -13 8 8 8 8 -6 15 15 1 1
11 11 11 -94 11 11 -24 -24 11 11 11 -24 11 11 11 11 11 11 11 11 -10 4 4 4 4 4 4 4 4 4 4 4 4 4 4 -17 -31 4 4 4 4 4 4 4 4 -17 4 4 4 4 4 -17 4 4 -17 -17
13 -1 6 6 13 13 13 -1 -1 6 6 6 6 13 13 -8 -1 -1 -1 -1 -99 -106 6 6 13 13 -8 -8 -1 -1 -1 6 6 6 6 13 6 6 13 13 -8 -1 -1 -1 -1 6 -1 6 6 6 6 13 -8 -8 -1 -1
8 8 -6 -6 8 8 15 -34 -34 15 15 1 1 15 15 -48 1 1 1 1 15 -13 8 8 -13 -13 8 8 -13 -13 -6 8 8 8 8 -13 15 15 -6 -6 -34 15 15 15 15 -6 1 15 15 15 15 -111 1 1 15 15
-1 6 -1 -1 -1 -1 13 6 6 -15 6 13 -92 13 13 6 6 6 6 6 6 6 -1 -1 -22 -1 6 6 6 6 -1 -1 -1 -1 -1 -1 13 13 -8 13 6 -15 6 -15 6 -15 13 13 -92 13 13 13 6 6 6 6
11 4 11 -3 4 4 11 -108 4 11 11 11 -3 4 4 4 11 11 -3 -3 4 11 -3 4 11 11 11 -3 -31 -31 4 11 11 -3 -3 -31 -3 4 11 11 -10 -3 -3 4 4 11 4 11 11 -3 -3 -31 4 4 11 -3
-4 -11 10 10 10 10 -11 10 10 10 10 3 3 3 3 -11 -11 -11 -11 -11 -11 -18 3 3 -102 3 -4 -4 -4 -4 17 17 17 17 17 17 -4 -4 -4 -4 17 17 17 17 17 17 10 10 10 10 10 10 -4 -109 -4 -4
8 1 8 1 1 1 8 15 8 8 8 8 1 1 1 -27 8 -27 1 -34 1 8 15 8 -97 8 8 1 1 1 8 8 8 1 1 1 -90 8 8 8 15 15 15 8 8 8 8 8 8 1 1 1 8 -27 8 1
13 13 -8 6 13 13 -22 13 6 -22 -22 13 6 -22 -22 6 13 13 6 6 -22 13 -8 6 13 13 -8 6 13 13 -120 -8 -8 6 6 13 13 6 -22 -22 6 13 13 6 6 -22 6 13 13 6 6 -22 6 6 13 6
13 13 -1 -1 13 13 -43 13 13 -43 -8 13 13 -43 -8 -1 13 13 13 13 -8 13 -1 -1 13 13 -1 -1 13 13 -50 -1 -36 -1 -36 13 13 13 -43 -8 -1 13 13 13 13 -8 -1 13 13 13 13 -8 -1 -36 13 13
-4 -4 -4 3 -4 3 3 3 10 3 10 3 -95 3 10 10 3 10 10 17 10 -4 -4 3 -4 3 -4 3 -4 3 3 -4 3 3 10 3 3 10 3 10 10 3 10 10 17 -95 10 3 10 10 17 10 10 -88 10 17
-11 10 -11 -18 10 10 17 -109 -11 17 17 17 10 3 3 -11 17 17 10 10 3 10 -11 -18 10 10 10 3 -4 -4 -18 10 10 3 3 -4 17 10 3 3 -11 17 17 10 10 3 10 3 3 -4 -4 -116 10 10 3 -4
15 -20 -20 -20 15 15 15 15 15 -20 -20 -20 -20 15 15 -20 15 15 15 15 -20 8 8 8 8 8 -27 -27 8 8 -27 8 8 8 8 8 8 8 8 8 8 8 8 8 8 -132 -27 8 8 8 8 8 8 8 8 8
-6 8 1 1 8 8 8 1 1 8 8 15 15 -13 -118 8 15 15 15 15 -13 -6 -13 -13 -6 -6 1 1 8 8 -6 1 1 1 1 8 1 1 8 8 -6 1 1 1 1 8 8 15 15 15 15 -13 -97 8 15 15
15 8 -41 -41 15 -6 -6 15 15 1 15 8 8 -6 8 -41 15 -6 15 -6 15 -6 15 15 1 15 8 8 -6 8 -41 15 -6 15 -6 15 -6 -6 -20 -6 15 1 15 1 15 -104 8 -6 8 -6 8 -6 15 -6 15 15
15 8 8 8 8 8 8 8 -97 8 8 1 1 1 1 1 1 1 1 1 1 -20 15 15 -20 15 8 8 -27 8 8 8 -97 8 8 8 8 8 -27 8 8 8 8 8 8 8 1 1 1 1 1 1 1 1 1 1
1 1 1 1 1 1 1 1 1 -6 -6 1 1 1 1 1 1 1 1 1 -6 1 1 1 1 1 -6 -6 1 1 -6 1 1 1 1 1 1 1 1 1 1 1 1 1 1 -6 -6 1 1 1 1 1 1 1 1 1
2 9 9 2 9 9 2 2 -5 2 2 -96 2 9 9 2 9 9 2 2 9 2 2 -5 2 2 9 2 9 9 2 9 9 2 2 -96 2 -5 2 2 -5 2 2 -5 -5 2 2 9 9 2 2 9 2 2 9 2
9 9 2 2 9 9 -19 9 9 -19 -19 9 9 -19 -19 2 9 9 9 9 -19 9 2 2 9 9 2 2 9 9 -110 2 2 2 2 9 9 9 -19 -19 2 9 9 9 9 -19 2 9 9 9 9 -19 2 2 9 9
0 0 0 0 0 0 1 1 1 1 1 1 1 -4 -4 1 1 1 1 1 -4 0 0 0 0 0 0 0 0 0 0 0 0 0 0 0 1 1 1 1 -14 1 1 1 1 1 1 1 1 1 1 -4 1 1 1 1
