15 105 4915
35 184 1334
192 201 1535
82 148 3298
24 1109 1160
208 2179 3265
15 914 1031
49 172 208
210 836 2485
203 774 1379
929 1895 2120
15 126 1280
157 765 986
35 871 2378
386 2136 2173
49 703 4013
179 1109 2179
1109 3295 9721
46 7128 12907
157 173 925
749 1109 4987
8 184 1333
103 703 1236
163 779 7570
703 1379 1449
49 1139 1325
162 1043 5206
24 920 2776
943 1109 4510
20 109 119
917 1034 5268
643 871 3397
3 355 5168
167 169 1385
103 749 868
204 1031 2038
15 28 536
64 162 4804
851 882 7155
204 839 1591
82 204 2179
8 201 7024
24 976 2556
105 1334 3824
162 2498 3326
20 203 9202
204 839 9199
1109 5125 9721
63 195 536
8 142 156
88 686 1109
749 1160 3142
1432 1908 3142
163 1031 5134
103 203 1383
84 103 179
1540 4106 5125
871 1254 7191
15 839 7846
1280 3993 4915
83 839 4657
208 5269 9064
703 1034 2179
82 1334 3824
197 993 1639
643 1409 11621
205 1909 9720
191 2776 12117
157 194 200
88 105 1109
175 749 5125
133 210 1043
169 194 5125
203 2263 13213
27 62 133
82 871 2378
15 192 3295
169 173 749
46 148 5211
157 749 4794
15 707 4918 7561
84 205 2176
80 88 686
103 1236 4013
157 159 9718
8 144 644
48 1449 5125
201 5077 9695
1094 1280 3420
133 2823 4578
162 5205 7953
178 1000 6645
184 871 12784
3 1280 3523
205 2431 10366
49 765 1319
63 77 5125
178 1535 7783
185 3420 9229
3 115 1409
80 88 4510
15 79 103
49 925 2105
748 1909 9720
157 195 2239
63 839 920
173 199 5125
162 204 8683
82 851 1236
20 179 4436
8 1540 4794
703 1109 2179
82 204 4987
24 1325 2485
46 77 1530
910 2747 3420
34 207 1060
192 196 5101
184 871 1303
24 821 2136
167 1445 1569
103 1319 1535
3 20 2105
194 1109 2105
6 49 205
2980 8569 10984
63 5126 9720
138 916 1536
868 1400 5211
3 201 643
103 694 1280
33 35 1569
871 1385 2713
178 192 9229
683 804 897
162 920 1109
24 49 9202
159 876 12700
918 3420 9718
192 1254 6106
836 1109 1588
24 79 891
3 8 1235
686 749 3142
179 668 4040
49 103 3523
184 1236 7635
94 1000 2485
176 643 988
46 4794 9433
15 84 1031
1325 1639 2485
175 199 14249
686 1094 7474
142 156 8472
79 686 1254
24 1109 8908
148 915 1540
157 179 355
103 192 201
48 749 2263
24 63 192
49 703 5168
63 506 2822
851 929 1236
83 178 767
194 1921 5125
8 1823 3071
15 109 163
1254 2173 3718
8 88 1588
103 836 1443
204 4167 14023
179 2357 4436
169 201 2281
49 793 4830
185 196 3469
153 1031 2176
156 1540 12117
162 912 2050
46 884 3420
24 836 1773
24 1479 9322
109 163 9649
24 208 2179
156 1560 2431
148 686 878
24 1011 9148
133 176 1109
15 193 1196
836 2239 5876 14189
3 169 1334
159 871 12784
205 2431 3295
20 1024 2822
173 990 3298
9 148 686
749 1109 10021
15 163 793
8 943 4510
20 49 94
913 1109 2980
103 749 1109
8 58 422
197 503 5301
46 770 8677
208 929 7024
162 194 210
188 192 1550
49 173 703
201 678 7024
3 103 6337
105 770 4660
24 98 836
63 836 1687
178 200 2422
28 208 536
46 77 918
24 749 3709
162 749 3142
196 1109 2980
46 170 2656
686 1060 1254
103 925 2105
105 157 199
201 942 1236
176 797 5206
208 2179 5125
82 208 929
3 8 6296
49 164 4040
163 209 779
163 175 14249
157 208 2422
94 177 2822
157 915 4013
105 1109 1385
183 1569 3579
24 88 1383
175 920 1099
3 49 4868
16 1236 1280
162 2776 3297
3 20 703
205 836 915
49 183 749
162 190 4167
173 203 4106
192 1535 6337
20 163 5374
63 836 975
103 836 9202
10 201 751
125 1257 1385
24 189 7990
770 1538 2980
536 2179 5270
79 920 2776
170 1280 7497
8 194 749
8 770 3552
749 3523 9202
1031 1105 5128
8 82 2717
83 1536 4110
157 689 1109
84 821 9148
178 1550 2173
163 194 3295
20 836 1024 2239
15 24 1385
105 170 9343
24 686 1109
195 836 1549
92 655 836
145 193 2375
157 668 7635
33 1041 1569
182 683 2757
194 962 1660
63 157 5303
196 694 3420
194 913 1538
668 915 2105
8 1094 2956
205 836 3908
157 925 3908
35 157 643
15 103 1385
15 915 1109
192 208 703
133 169 4525
179 1109 3142
884 2747 3420
63 990 2239
103 179 201
208 536 5125
192 200 9702
3 668 7225
707 975 2176
24 173 1449
81 192 9702
205 1031 3295
27 133 4280
13 907 1517
84 2173 5337
8 1043 3574
24 169 204
3 1236 1280
63 195 1639
74 192 386
24 1043 1445
175 993 10420
173 1109 8908
133 1588 4510
14 24 716
1280 3420 7128 12907
1034 2105 3523
27 162 210
49 703 1034
33 7953 11568
106 871 1283
163 173 1449
703 1123 12570
1043 1409 3537
179 1109 1160
33 105 1445
176 668 4651
15 1031 1105
157 1123 2105
63 81 192
49 4001 4924
9 106 2757
62 97 133
103 157 640
33 643 1431
5 167 2311
355 2105 4651
536 917 2773
157 169 4512
20 33 3627
185 203 12907
49 1280 7543
205 836 5876
1538 1598 1660
204 3537 6296
63 993 1639
63 506 2431
78 919 1607
79 1540 9720
159 186 2609
133 686 4794
179 925 1269
49 175 1236
147 993 2234
103 129 1143
736 821 4825
46 326 2707
63 536 1639
208 797 3265
157 915 1236
82 943 2980
103 1109 2431
8 17 133
23 63 9720
3 703 3523
179 192 4436
103 1319 3295 7783
179 703 3420
79 2176 2776
63 194 9139
24 1918 3420
178 972 2173
175 1660 4104
88 133 4510
24 1043 1569
142 170 8472
185 857 3523
24 536 1683
179 777 1226
49 185 355
929 2625 5168 9615
105 133 943
156 201 5125
920 2122 9649
203 3420 12907
49 119 157
707 943 2122
685 2776 9720
157 749 5211
178 196 199
164 1236 4013
68 749 1109
168 170 7024
2105 3199 4651
103 205 2105
28 63 975
46 201 8569
135 1449 5876
203 915 4651
15 1280 3420
749 943 1109
105 206 2793
915 3908 12126
178 210 2485
199 643 1660
20 703 836
793 1002 2485
163 4804 10420
49 178 2254
3 185 643
157 925 8331
24 1043 10171
179 1319 1443
703 2179 9202
103 173 793
33 35 189
103 2105 3523
24 194 2179
8 686 4794
103 162 3589
159 871 2378
82 1236 4968
3 82 184
178 767 5893
3 35 871
11 157 3420
196 2233 12126
15 205 7849
8 2726 9695
133 686 1109
15 163 203
46 3420 12907
199 1209 9999
179 836 4436
201 3860 7635
24 1109 3265
192 506 2822
105 179 1286
178 749 1139
1278 2263 3523
49 103 925
1024 1537 2239
105 943 5295
203 386 1031
82 836 961
24 169 1109
920 2121 13944
20 88 5125
148 204 836
169 1109 5125
186 871 3537
3 1152 7976
305 1021 5071
185 199 4040
79 891 2136
194 1280 5125
8 943 5125
103 2105 7543
82 201 1236
194 965 3295
749 1043 1569
16 24 46
175 194 1280
163 8677 11092
3 169 1560
167 703 1443
194 749 4258
199 2485 5125
105 1445 3579
82 1235 7178
49 103 126
44 1713 11621
24 173 3420
668 1278 2105
208 1540 5125
199 3857 12907
46 49 206
15 28 839
33 105 169
28 707 975
668 1560 6337
24 167 1385
162 4167 5036
49 185 205
836 965 14249
3 1383 2309
74 192 200
163 774 1379
836 1139 9322
82 198 7191
203 2179 5125
157 536 5125
200 832 988
8 46 2956
751 4794 6609
179 1319 4651
200 686 988
157 793 4830
192 209 655
49 103 1236
49 210 836
20 915 5125
49 836 1773
3 159 1334
24 147 1385
15 204 1610
857 1280 1383
183 779 1383
105 169 1569
82 208 2105
103 3409 9316
194 2980 9433
162 1639 3574
1521 4282 4613 5639
20 49 4436
1021 4104 5125
167 170 1569
17 133 189
836 1535 7849
103 703 3523
82 204 1109
35 103 157
53 88 943
163 205 12126
88 152 943
35 145 7976
24 3525 7561
103 694 4013
68 189 942
1449 2989 13213
72 910 7474
20 33 3523
1094 2532 3420
800 2506 5337
157 184 5207
103 857 3523
686 1918 5125
68 1109 2233
1280 2105 13210
190 1517 2498
206 749 4104
179 2263 13213
176 3908 6205
5 206 1109
82 871 3823
8 133 4609
192 3295 7849
196 1109 1385
210 793 3709
179 201 2105
78 836 2179
20 173 5125
103 4040 4651
46 77 1660
24 88 2485
1123 2105 7543
24 386 2136
196 851 929
105 169 4512
386 2173 2752
20 2105 4665
68 1021 1329
133 157 686
63 539 4834
194 1109 1280
196 1109 4915
208 1109 4510
79 386 1031
821 2506 2752
1280 8677 11092
179 797 1034
185 196 1660
94 1209 2485
836 1000 1209
3 106 882
10 103 1099
179 933 1226
49 640 7543
105 2823 4420
106 175 4968
105 170 4660
179 2105 3199
192 836 1687
33 157 749
1031 2038 9190
8 5207 7922
3 20 167
751 871 1517
103 157 1383
56 736 4825
8 1409 5207
203 1123 3523
204 1109 2179
159 191 12700
105 133 169
1660 2980 10984
20 148 990
33 185 203
63 192 990
24 49 103
205 957 2136
8 871 3537
9 148 5211
2060 3420 9229
1034 1109 2179
169 1918 5125
1280 5125 9718
793 1683 2422
46 2108 3420
745 1329 5071
20 27 1109
1257 1385 5173
24 2122 9649
82 205 12126
33 49 103
77 1530 1598
63 148 836
929 1127 2120
35 157 1334
24 1540 4669
179 2179 9202
3 162 678
703 1449 2980
942 1012 9695
20 119 793
156 203 9202
206 2254 4104
3 184 3537
205 1031 9199
47 169 200
103 169 686
24 1588 8908
46 3709 8677
160 178 793
199 2179 2864
179 2105 5876
83 193 4110
163 2431 7849
63 162 3297
84 1517 2201
169 176 4794
77 1280 8677
49 703 1449
24 49 192
194 208 797
17 169 4510
46 2254 8677
15 82 2179
204 1610 2176
1109 7024 12951
20 355 836
203 1278 13213
105 770 1569
162 1109 4794
103 201 1535
179 203 13210
62 97 194
192 736 7627
836 3295 10420
192 386 2173
163 205 7849
176 187 4346
918 1109 7450
3537 5036 8492
163 1031 7849
163 2122 9199
175 993 1594
203 1280 7543
1034 2105 5168
157 192 2989
192 1109 2989
1109 1280 4915
119 179 205
103 2105 3420
44 162 195
82 920 2713
15 770 2707
3 129 5801
210 751 990
8 929 1333
28 88 797
643 1521 4613
8 184 201
20 1034 9202
179 1891 2105
97 194 832
48 749 5125
133 176 5784
27 162 4794
204 839 2122
137 201 1449
20 49 119
173 2422 2808
205 1236 3908
203 1123 7543
94 192 2485
166 184 1713
836 2431 6609
169 194 201
48 915 2989
192 1094 1350
24 192 1021
25 871 1409
3 157 1318
53 198 943
190 2752 4609
15 79 868
74 162 2173
13 145 3326
20 2535 5374
27 173 3298
8 2956 7128
24 770 1329
205 703 4665
1109 1280 7026
169 1109 3908
24 836 9202
20 163 5125
173 178 2422
105 749 10216
24 192 9721
11 46 173
749 1325 2485
8 942 4968
46 2532 12951
133 173 797
185 2822 5505
3 703 1280
194 1449 2105
147 162 194
8 145 3537
199 7128 12907
169 183 1569
24 63 7849
81 920 9649
103 192 836
49 171 13210
15 206 2179
179 765 1443
210 836 10420
20 793 1639
15 797 4915
1660 8677 11092
47 169 3579
910 2747 9769
72 157 7474
94 163 10420
203 208 913
162 2776 12117
184 643 2368
157 751 3908
157 168 7953
644 882 1520
84 1283 4167
157 995 3295
175 993 2234
199 643 1280
24 103 1385
821 2752 4609
8 194 5211
24 56 386
24 74 836
77 157 7840
49 2105 4013
157 1109 12951
749 1109 2016
15 28 2179
194 1109 5125
34 107 736
192 1319 7783
184 204 1409
209 1015 1325
3 195 355
63 194 3295
871 2295 3537
44 733 8492
8 88 1109
15 28 707
63 205 7849
209 779 7570
169 877 5071
1094 1350 7474
836 3295 5125
749 1109 1908
162 3295 7849
159 201 3860
162 200 12117
174 3297 12117
177 205 7849
79 190 207
884 3420 12907
133 169 1569
8 11 24
15 204 3302
162 1255 7194
105 133 1588
20 94 157
165 204 2713
49 167 1443
63 499 5301
35 157 2239
15 205 5182
179 1034 1109
17 144 200
159 163 9190
24 203 9202
162 200 512
643 1280 2532 3420
15 28 5270
49 1236 3420
46 49 9202
836 1537 2239
133 169 1109
49 103 638
185 205 1139
49 167 3523
49 157 5168
169 871 1409
20 201 9202
17 832 2823
183 200 2173
1517 4167 7751
1535 3295 7849
49 205 1209
851 882 1333
668 2105 3199
194 1540 4258
1560 1639 4804
166 1517 7751
48 194 4346
133 156 4510
88 105 169
20 1109 4794
751 980 6609
106 182 647
46 1094 12907
173 1109 9202
74 200 4645
84 1254 3718
82 148 836
15 1031 5128
643 1094 1280
63 204 961
185 836 1139
157 995 10420
173 196 9229
4804 9999 10420 14249
199 2485 4040
1713 4282 5639
28 793 996
74 172 2701
194 2431 10420
157 2179 9202
15 194 1109
106 683 3885
3 179 4651
56 162 1031
703 1123 3523
871 4167 8480
15 49 84
15 793 996
63 191 9720
88 152 797
192 1254 4717
942 3898 9695
15 88 1383
87 170 12570
8 678 771
770 8569 10984
1 1150 1421
157 3142 4794
201 882 1951
159 871 8492
8 35 643
133 206 1908
192 3265 5071
157 536 915
176 194 6205
20 63 1205
1238 3857 12907
163 836 1639
157 192 3857
15 208 2482
13 145 177
157 163 329
183 839 10369
82 162 1517
8 643 1280
179 777 2105
148 194 988
179 201 5168
56 2173 2868
79 163 2122
15 839 1034
15 49 707
63 1109 2179
24 103 1400
167 766 3537
167 203 3523
195 961 1549
63 162 1540
53 105 189
24 103 2485
162 200 2752
103 640 1383
20 173 9202
49 103 1280
157 203 1535
56 192 1031
184 198 7191
157 2431 10420
201 865 7210
24 770 9229 13234
82 2777 3908
17 943 4510
157 178 4830
82 177 1171
63 147 2234
103 1352 5191
15 205 836
205 942 1236
3 1409 5214
1383 2707 8677
68 1109 5071
68 189 2726
46 179 9202
49 167 1280
206 770 1383
157 184 1409
103 185 3908
17 133 644
8 148 749
20 836 9256
68 198 1109
167 7846 12130
88 1908 5125
20 64 5074
169 749 3579
15 1031 2485
200 7839 12117
184 766 5207
105 1385 4915
163 1639 2485
148 194 1538
103 205 4572
198 206 797
24 2707 5125
24 74 1325
35 169 4794
63 157 915
20 27 5325
204 1517 2201
199 836 2431
204 1031 2173
24 204 1109
193 839 12130
194 208 8839
49 836 4436
3 82 169
105 163 749
74 173 3142
56 2173 4825
185 836 2822
194 208 918
169 4510 4578
175 206 12385
46 868 3552
103 1535 3908
173 199 9250
208 3993 7024
192 821 2173
46 3420 9229
162 210 4794
171 179 13210
157 2179 2773
1383 1445 3579
133 928 1823
199 206 499
677 797 920
749 5125 9202
163 2485 5125
157 3523 9615
24 1400 2016
178 208 536
35 2713 7191
49 1280 2357
162 1517 2201
46 770 11092
11 900 1333 3898
82 2431 2569
49 126 179
62 189 964
46 2656 8569
386 821 2136
46 2980 4915
82 961 2431
105 1109 1329 5071
703 1034 1109
192 4438 6337
201 988 4510
703 2105 2292
157 1280 8677
173 178 694
103 192 3857
159 208 1109
33 179 5168
148 749 3579
793 1002 4830
82 943 1109
170 1236 7024
46 49 13210
105 777 9343
157 1246 2105
166 2713 12084
2713 5134 8683
868 5125 8677
103 119 205
185 703 1031
8 1021 1660
1639 2485 10420
106 882 4968
171 1280 13210
918 1280 4915
15 150 178
3 179 857
192 203 13213
81 204 9649
24 167 4915
770 2254 3552
24 686 8028
1540 5126 9720
3 157 1940
49 160 4040
3 179 3908
148 686 749
536 915 2179
207 2776 12117
24 4258 4794
63 197 1533
157 163 11092
82 148 1109
386 912 2050 2752
748 1540 5126
105 1569 6223
20 88 1015
20 94 2822
193 2713 3981
157 686 4794
94 175 14249
205 386 2050
163 2752 4609
24 5206 7921
797 860 3142
103 836 915
64 162 12385
209 1139 1479
179 3265 5071
3 1409 8492
208 2989 13213
749 3142 4609
20 185 969
24 918 1385
157 1236 3908
105 133 4512
210 1569 3579
49 793 1143
24 1043 4794
3 8 184
1517 2713 12084
839 1034 2482
15 204 870
103 836 4040
64 793 1105
201 1109 5125
157 4939 7609
24 1109 4794
103 203 3523
119 157 925
179 199 4040
15 48 1109
198 7191 12784
185 703 836
1918 3857 12907
105 4918 7561
105 2980 3469 13462
46 3420 7450
797 1460 3142
103 167 1383
56 386 821
82 655 4665
1280 2105 9202
24 179 1325
17 133 3076
203 1123 12570
68 2616 5077
35 157 3908
208 884 12907
199 1383 3523
44 195 5036
179 836 9202
103 157 3523
192 386 1031
46 918 11092
157 183 7543
3 106 1236
133 198 4578
103 765 2105
162 2201 4167
166 871 920
20 24 98
24 33 4669
20 703 1379
88 157 5125
1517 2246 6288
15 3295 7849
8 133 686
63 197 1209
868 2707 5125
871 920 8683
46 1530 11196
1094 3420 7474
103 162 1350
56 1690 2752
24 3259 4794
1011 2506 5337
188 386 2173
134 1409 4613
8 46 2406
24 749 1325
33 142 169
800 1011 2506
197 503 1639
749 1109 7702
103 3420 9229
163 183 10216
678 1280 7024
133 832 988
193 2201 5431
148 194 868
82 206 835
27 200 9433
103 205 2233
24 27 105
88 686 797
20 103 157
3 8 3537
170 770 8677
105 1569 2254