169 173 1109 5071
8 148 176 1109
20 49 185 3523
24 63 192 9721
103 857 1383 3523
20 149 160 9059
162 204 4167 7751
157 749 1043 10171
123 836 1021 2179
197 199 793 3256
35 159 201 3860
3 35 84 4167
24 162 1109 1908
49 173 749 1325
20 82 173 1449
192 836 1109 9202
49 199 777 3523
20 179 925 3908
8 145 1161 1409
82 105 1334 2717
20 26 163 836
82 105 157 915
49 729 1236 3420
81 200 3297 9702
157 868 1350 4939
15 24 88 5125
185 201 3523 12570
103 2105 3908 4651
103 199 836 2485
82 851 1109 2980
156 177 506 2239
24 736 821 4825
24 162 5206 7921
176 196 1535 1561
15 28 150 178
8 133 797 10021
49 173 208 9202
196 205 1687 7849
793 1139 1325 5074
178 192 536 5270
103 918 1109 1385 9718
103 185 678 2105
24 206 749 4104
148 157 1109 5125
20 33 105 3523
147 162 194 2431
46 158 770 1660
145 1591 1626 4167
20 24 703 1385
156 179 5672 14795
185 203 749 1278
169 176 201 686
105 206 770 1383
199 1021 1109 5125
84 193 204 5431
35 184 201 1409
28 1000 1050 2485
11 208 3420 5101
24 33 770 1511
46 1109 2105 9202
92 185 777 857
15 24 63 7849
68 1021 1329 1635
33 1043 3574 7953
20 105 157 2105
24 103 173 3420
3 915 1280 7024
46 49 2105 9202
20 157 185 9062
8 24 33 749
44 1043 1713 7922 11621
179 1278 2263 13213
103 157 751 1143
3 915 1280 1383
163 195 836 1639
56 190 205 2173
24 179 836 1139
3 103 4438 6337
76 203 2105 7225
156 169 201 2281
3 129 4586 5801
703 836 1449 9202
103 164 183 4872
84 1517 2201 4167
82 836 961 2431
24 203 3420 9250
103 678 2105 3908
179 703 2105 12570
175 197 503 1639
133 206 749 1579
208 749 2263 9202 13213
3 49 170 926
49 103 793 1383
103 876 1319 1535
103 857 1280 3523
3 179 926 2105
147 204 1385 3589
82 148 193 3298
210 1000 1209 2485
82 836 2431 7849
157 857 3523 9615
157 179 1280 4868
49 185 4040 4651
192 779 1278 2989
64 157 206 12385
49 103 205 1143
26 157 194 965
63 995 2839 4804 9999
503 1015 1639 2230 4804
175 1021 4104 5125
24 46 770 5125 8677
770 1280 2980 11092
195 793 1639 2485
3 103 157 915
20 33 203 9345
13 683 804 1517
15 839 920 5134
137 201 203 1449
204 839 2122 9199
20 1449 2105 5876
24 103 836 3295
8 46 686 4794 9433
20 566 1725 5374
205 703 925 1236
15 208 1109 2989
179 194 201 1660
20 179 774 3523
163 192 1000 5737
157 199 836 4436
159 177 192 990
206 917 2179 5268
56 386 1031 2173
192 915 1109 2774
79 192 207 2050
103 157 793 857
8 183 749 3579
33 49 119 157
15 167 918 6322
46 77 175 770
162 1283 1517 4167
162 723 1038 1409
24 194 1538 9826
84 162 204 1517
20 84 1517 4167
162 196 204 2173
157 168 1280 2105
169 686 749 1259
179 1068 1160 5295
20 207 836 1535
15 204 920 5134
20 836 1449 9256
15 24 138 4669
169 184 186 3537
63 162 199 14249
23 191 685 1540
61 193 2713 12084
173 686 3857 12907
184 942 2726 3898
82 198 668 7635
94 205 836 2485
192 205 4436 4653
33 943 2254 2707
206 1383 2707 8677
82 184 643 1409
62 169 204 2764
8 16 1280 1660
15 20 797 836
15 103 915 4651
179 195 355 929
82 177 2713 5134
24 27 105 169
20 203 1034 9202
194 943 1109 4510
179 194 209 1660
171 703 2108 13210
24 192 200 2136
3 103 203 7539
35 145 157 723
20 148 836 990
133 157 176 1109
201 836 2105 9202
11 103 192 3420
15 148 1109 5125
49 103 1143 1560
751 990 2569 5358
105 206 1160 8350
49 170 185 678
145 1409 1713 7976
24 175 194 2485
46 868 2254 3552
15 193 839 4110
63 148 915 1540
24 1024 1205 4794
79 192 386 4645
204 800 2506 5337
8 1160 2254 9433
6 777 933 1226
105 169 1109 1383 5125
103 157 2747 3857
49 103 793 1143
49 185 703 836
15 915 2485 5125
88 192 206 797
46 185 204 703
15 204 1031 1105
35 184 1409 3079
3 8 170 3537
204 205 707 9649
157 2625 3523 9615
162 176 205 1909
20 836 1449 2105
150 178 707 3202
163 199 913 8677
16 24 2532 3420
3 44 115 6296
64 129 1015 4804
20 203 703 7543
170 189 203 3523
163 995 2839 3295
49 210 749 836
15 178 793 1389
15 24 208 536
157 176 1109 2980
208 703 1034 9202
159 871 2609 8492
46 204 770 4987
185 194 199 209
3 82 929 7178
163 194 995 3295
157 203 749 1449
105 167 1569 4417
156 201 1109 1449
103 749 1139 1352
8 169 176 1109
24 179 749 4195
20 88 793 1015
15 194 920 1109
187 689 988 4346
157 162 995 3295
208 694 1094 2060
15 24 996 1034
27 162 2431 4794
20 105 179 2105
56 163 204 9190
199 1094 1437 9229
157 793 857 1383
176 179 194 1109
169 203 749 868
171 209 1449 1660
15 135 703 1449
8 194 2254 8677
103 1535 3295 4438 14252
77 175 199 3420
82 105 929 1235
82 184 198 4613
103 729 1236 1619
836 915 3295 5125
74 163 172 774
3 49 103 201
208 1109 2179 4510
177 205 1385 7849
103 164 703 1236
176 668 4651 6205
46 157 749 3420
157 163 749 5125
8 189 770 1569
48 185 2263 13213
884 1094 1437 2956
183 749 1569 3579
20 836 1021 1135 3265
173 178 200 2422
49 189 1123 7543
5 105 167 4660
42 103 179 203
49 703 2105 9202
190 1060 2016 3718
24 203 5125 9202
49 126 185 1236
163 175 3295 14249
202 1024 2822 5505
46 82 1109 1908
82 208 956 1109
836 1109 3295 7849
536 917 2179 2773
15 205 774 1379
163 196 201 12126
49 793 1683 5270
24 103 167 703
8 175 194 1280
46 179 192 1449
133 194 1160 4794
133 156 645 3078
46 884 2060 2956
33 49 777 1226
88 169 176 201
88 133 4609 5830
208 749 3523 9202
134 184 1409 5639
178 196 3420 9718
103 169 689 1021
106 162 204 907
35 990 1109 4794
20 163 793 1639
24 836 1385 2431
8 643 1254 3397 7191 12784
163 192 2774 3295
23 63 1540 9720
193 204 3425 5134
15 103 167 1280
208 5125 8668 9202 13213
46 170 204 770
3 871 1409 8492
163 1099 1109 5125
109 1015 1105 1325 5074
199 643 1021 1280
200 914 2776 7839 12117
199 868 2707 5125
836 1385 3908 7849 12126
49 205 925 1236
133 206 1160 4093
105 157 1109 3523 9202
24 126 203 3420
8 24 1445 1569
193 839 996 2482
204 871 920 8683
46 1530 1660 11196
194 1109 3418 7453
178 196 199 9229
15 163 204 7849
192 797 836 1385
46 82 2532 12951
94 192 2357 4436
24 27 185 3259
173 210 751 4794
770 2254 3922 4660 6214
24 183 1383 5374
15 20 24 975
15 167 779 2311
133 176 1421 5784
157 163 9999 14249
103 749 2485 5125
8 133 749 4794
194 206 1538 3302
49 857 1485 9615
184 201 3860 7635
46 199 1280 1660
49 157 915 1236
103 192 836 1109
179 192 1021 9202
8 194 200 9433
82 163 836 4483
208 868 913 5125
56 163 204 9649
49 157 2105 4651
9 106 195 2757
105 1109 1385 3905
24 105 1109 1385
103 199 1060 1280 5026
49 707 1031 2553
199 1280 1383 5125
82 157 2105 4665
185 703 1449 3195
20 195 355 1034
5 24 206 4417
179 203 703 3420
28 707 975 2176
3 157 162 1318
8 24 1109 1160
133 173 179 3142
49 206 935 1123
49 178 749 1139
24 779 1383 3523
48 148 194 5125
24 88 536 1683
103 199 1060 1918
133 797 1109 2179
198 204 2173 9190
35 162 723 1409
162 205 1031 2173
793 1139 1325 2485
8 105 148 1569
168 201 1280 8472
175 192 208 1494
76 157 355 668
24 81 920 9649
46 157 173 2060
20 49 179 1226
82 205 2105 3908
204 920 1031 1254
156 179 192 13213
173 208 884 2060
157 160 1139 4830
35 169 176 1109
49 179 208 1123
71 882 929 2076
179 199 857 4040
8 157 184 5207
24 163 1325 2485
162 184 871 1409
15 163 836 7849
185 703 1109 2179
26 210 1209 10420
84 1011 2173 5337
82 190 205 3326
1 8 133 4609
157 1280 3420 9202
44 871 2295 3537
15 28 63 2179
736 1060 1254 2173
49 103 836 2485
49 208 1683 5125
8 943 1160 4609
8 88 749 1109
82 915 1109 1540
170 201 1660 2656
49 157 774 7543
179 206 1068 1160
82 145 162 190
49 915 2485 5125
199 206 1109 5125
105 196 770 3469
8 46 1280 2956
80 88 686 4510
103 915 4651 6337
103 915 2105 4924 7543
15 46 77 175
157 729 1280 1422
5 206 4417 6322
24 770 962 1538
199 1280 3420 7128 12907
8 1043 3574 10171
28 205 5270 9062
46 178 192 3420
163 793 1015 2485
103 201 751 2431
157 163 4804 10420
119 173 179 749
15 167 208 2482
46 1280 4915 7026
46 49 201 9202
105 857 1280 1383
8 11 24 749
103 703 3523 7539
6 49 2105 4665
164 765 2105 3908
203 1021 1280 5026
70 103 868 1280
24 200 208 9115
24 49 1034 2179
49 103 179 638
5 176 689 4510
162 191 204 920
63 175 993 1639
1021 1280 1660 9229 13234
179 703 3523 5168
5 105 1569 4660
24 204 821 9148
24 192 655 836
15 920 1031 7849
82 1109 2980 4987
171 770 1449 1660
163 205 1031 4825
204 800 1011 5337
157 198 2830 3295
105 157 159 2980
88 194 203 5125
88 173 749 1109
48 173 1449 5125
20 119 173 749
15 206 4660 5872
76 203 765 2105
35 145 1713 7976
49 119 179 749
3 184 3860 7635
208 1540 4106 5125
133 200 686 4794
170 179 194 199
64 163 173 749
81 162 1110 3297
15 20 24 147
197 993 2230 4804
63 83 138 916
203 208 1123 12570
15 81 707 2176
20 88 913 5125
163 920 2121 13944
88 133 187 689
68 103 169 1109
8 204 871 1409
49 171 2108 13210
20 103 925 3908
24 49 1280 3523
176 194 643 988
703 836 3195 4665
3 49 185 3523
20 173 1021 5071
83 167 1536 4110
133 200 644 964
185 694 1350 2060 3857
185 192 2105 9202
26 63 197 1533
63 506 797 2431
178 194 689 5125
191 197 2839 9999
76 179 668 703
24 103 836 2485
179 192 2105 3420
993 1015 1209 2230 3256
831 1517 2201 4167
184 205 882 4968
24 192 749 1325
145 193 751 4167
133 198 943 5821
82 159 871 3823
49 836 2105 9202
94 157 179 4436
8 33 35 1569
24 105 162 1160
49 199 1280 2357
103 157 194 9718
8 204 2717 6296
15 797 1109 4918
8 24 204 1109
173 1109 5125 9202
167 643 3537 7976
24 167 797 4915
15 49 926 1451
162 184 3537 5036
185 209 1660 13462
63 94 157 10420
185 836 1021 1449
46 770 1660 10984
192 836 2485 3295
103 203 703 4651
103 179 1280 7543
133 176 1150 3071
35 94 836 2431
84 751 1517 2713
49 192 206 5125
106 193 897 2757
173 199 203 1007
199 208 913 3420
53 88 176 206
164 703 1236 4013
703 1379 1449 4665
49 205 5270 9062
49 170 678 1280
151 173 793 1050
20 63 836 1024 2239
386 821 912 2050 2752
15 105 1385 4915
97 133 832 964
88 176 797 1908
157 205 1236 3908
49 157 793 4830
11 46 3420 5101
82 871 1334 3824
20 197 836 9999 14249
8 27 62 133
103 185 199 203
162 194 995 3295
63 192 205 506
8 35 194 1043
15 1535 2485 6337
157 185 2105 3420
157 678 771 7922
49 157 836 4436
103 157 749 3420
103 179 203 7543
103 157 2774 3908
103 1269 3409 5191 9316
163 836 1000 1031
194 770 918 2980
20 179 2105 7543
9 148 749 8028
133 157 749 4794
20 163 915 5125
195 929 1127 2120
49 94 210 836
173 185 703 1034
63 192 3295 9721
20 49 173 749
157 170 179 777
24 943 1109 9721
46 179 209 8569
63 177 990 2239
192 199 3857 12907
176 192 836 915
153 205 1031 2176
203 668 1535 4651
133 169 183 749
3 103 129 1143
82 1236 1333 4968
20 76 203 2105
163 749 1449 3709
201 1012 5077 9695
105 133 167 1569
176 685 748 9720
33 142 749 3574
157 196 851 7024
95 749 3142 4794
179 201 1280 2105
8 80 88 1588
24 162 200 821
74 179 836 5876
46 49 5125 9202
15 82 205 4483
204 207 871 1409
35 162 871 8480
162 175 1639 4804
3 33 184 5207
133 179 206 4093
15 20 103 173
15 178 1031 2485
170 201 678 1280
3 20 49 355
192 1254 2173 13944
185 199 209 13462
24 836 1021 2431
20 179 2120 5168
3 196 851 1236
171 703 1280 13210
157 643 1713 7976
163 194 1031 7849
62 97 133 208
179 206 1068 8350
49 192 749 3709
133 176 928 1150
79 103 178 207
157 179 3908 6205
24 103 5125 9718
169 1109 1588 4512
3 35 184 5207
170 1660 2980 13210
179 851 1365 1660
24 194 868 1496
536 1034 1683 2179 5125
82 184 198 7635
17 27 133 988
9 148 686 8028
63 1109 3295 9721
24 179 749 1139
162 184 1409 5214
192 1254 1460 4717
103 157 857 1383
3 49 1127 5168
24 46 770 1280 3420
24 1109 1280 9202
84 103 179 205
103 105 157 179
46 157 2254 3709
3 49 703 1280
8 156 832 1043
166 871 920 8683
49 703 2105 4013
20 24 105 976
15 84 703 797
103 157 868 1350
82 703 2105 2179
157 643 1236 7024
199 1280 1365 1660
63 162 194 2839
20 94 751 836 2431
24 1109 1588 8908
46 1437 2060 2956
170 770 1538 2980
386 821 2752 4609
20 70 103 179
192 913 2108 3420
28 208 996 2482
162 1517 2201 4167
105 176 797 943
169 187 689 988
84 193 871 5134
189 882 2616 5077
103 157 3420 3857 12907
162 207 1385 4109
208 2263 2989 13213
736 1626 4586 5426 5801 14029
63 204 920 1109
105 1109 2980 3469 9256 13462
192 206 1278 9202
8 199 1109 2980
105 179 1109 1160
63 79 191 5126
1043 1409 3537 5207
15 24 192 836
82 184 1300 5046
157 206 749 1160
168 640 1280 4924
64 178 208 839
103 157 194 2616
157 749 868 5211
913 1449 5125 8677
103 162 749 1350
74 172 774 2701
5 15 797 4918
198 871 3397 5033
157 668 959 4651
157 169 749 4794
103 694 1350 3420 7474
184 1038 1409 5214
2 49 84 103
192 749 1109 3295
49 173 749 3709
156 175 4251 10420
185 749 3418 9202
8 162 988 1160
179 194 1449 2105
24 175 210 3709
49 103 192 1236
103 199 3295 4436 14249
170 179 2105 12570
133 797 943 1109
192 836 3295 10420
176 191 1909 5126
63 204 961 2431
201 1280 2105 3420
6 777 1123 2105
81 204 1031 3826
88 749 1109 1908
24 173 860 3142
49 94 199 4436
76 163 203 836
24 178 770 5125 8677
103 119 749 1139
68 114 3898 9695
35 167 3537 5036
63 836 3295 5125
49 173 199 3420
199 1238 3857 12907
185 1109 4987 7702
8 82 929 2717
192 208 729 3420
20 24 27 173
80 88 176 208
15 138 178 1439
103 157 198 749
184 405 1043 2368
192 203 386 2173
46 178 5125 8677
196 2233 3295 12126
185 1024 1205 4794
185 205 2105 4013
103 178 689 1021
694 1350 2060 3857 7474 12907
205 3295 7849 12126
49 201 678 1280
133 200 686 1823
76 157 179 195
24 793 1015 1325
176 200 1160 2302
8 168 1280 8472
208 1021 1280 5026
176 3908 4651 6205
105 185 857 1280
3 157 868 1350
87 179 1123 2105
157 185 777 857
15 79 707 2707
157 184 844 7178
703 1034 2179 9062
82 184 1236 7635
751 925 1517 2246
162 204 871 8683
157 170 2105 7024
20 119 749 1139
20 103 157 5125
194 643 4794 9433
157 173 208 1236
24 48 185 9202
49 103 157 1383
24 68 198 1109
20 793 1015 1639
3 184 766 3537
49 157 536 5125
183 779 1278 1383
199 836 1209 2431
3 82 668 1940
157 203 749 836
179 1485 5168 9615
82 159 180 1334
189 208 868 1280
20 49 640 3523
20 839 1205 5328
185 1109 2179 9202
20 156 203 9202
70 105 199 1280
109 185 703 1449
157 179 1123 9343
192 876 1319 1645
163 836 1050 2485
24 148 749 770 2254
63 197 199 1209
179 1160 5295 8350
105 148 169 1569
46 1109 3420 7450
35 194 643 4794
8 157 200 4794
63 839 2176 3256
157 171 640 774
196 1687 2233 7849
1018 1031 2233 5134 7849
15 24 208 1034
192 1021 1319 7783
8 942 1236 4968
103 194 196 995
192 207 2776 12117
749 868 1400 5211
49 703 2179 9062
191 205 1610 2122
3 49 915 1383
8 148 194 868
171 703 2105 13210
24 56 821 1031 2173
5 24 167 918
194 201 1449 1660
26 194 203 3295
82 192 1109 12951
3 678 929 1895 2120
3 8 44 115
179 192 836 9202
63 836 1031 10366
105 183 206 4525
157 175 206 5125
749 1511 2254 2707
3 82 157 1409
3 198 1254 5033
3 16 49 1236
49 179 208 2105
24 53 88 105
15 46 2302 2980
194 749 1540 4258
24 35 1043 1569
162 193 1283 4167
5 15 918 1383 3922
8 184 201 3898
175 199 729 3420
192 876 1535 7783
105 169 1021 1109
172 204 205 1130
15 63 138 4110
49 157 1236 3420
61 166 2713 12084
3 8 82 1409
168 176 192 1195
178 1538 2254 6214
49 194 206 2105
178 192 1550 2173
133 206 677 943
163 1109 3295 9718
8 24 148 1109
170 678 1280 7024
24 28 88 4717
84 205 1610 2176
157 169 205 915
208 884 1094 12907
24 1109 1135 3265
158 194 1538 8569
24 1540 4420 4669 10021
15 177 205 7849
8 106 201 929
24 185 749 9202
178 1319 1535 7783
157 203 2105 4651
8 97 133 964
8 797 5206 7921
49 703 1123 3523
179 765 1385 2249
162 174 200 3297
179 183 1280 4013
2 84 103 119
15 20 28 793
79 84 920 2776
179 703 1236 3420
24 105 162 749
53 105 707 2124
169 176 201 4510
172 203 1379 3519
203 703 1280 2105
68 119 749 1018
163 192 1379 4665
94 157 195 10420
27 169 1109 4794
24 79 206 707
194 770 1538 11092
103 1535 4651 6337
8 157 1235 1383
3 8 167 6296
15 46 770 2980
185 203 749 3523
24 192 3265 5071
3 49 103 1236
24 1094 1280 5101
163 203 1099 3295
162 204 2757 3885
103 201 876 3295
15 24 3295 7849
204 1031 2431 9106
103 157 857 1280
3 82 1235 1334
20 33 105 1383
68 169 1109 5071
33 79 103 142
3 103 3523 7539
24 79 891 1031
3 20 103 3908
105 1109 4510 8394
33 157 169 5207
103 179 836 3908
48 157 194 3709
9 686 749 8028
84 204 920 5134
183 779 1383 3523
49 206 2105 13210
184 1043 1161 1713 3079
20 749 836 1325
94 210 836 1209
15 24 28 536
20 749 1024 1449 4345
751 2431 4794 6609
8 46 2956 9504
103 836 1021 1109
49 2105 3199 4651
15 194 208 536
176 200 988 4794
175 770 1280 8677
175 1280 5125 8677
162 1043 5206 7921
49 103 201 2105
3 159 844 1334
63 162 5134 7849
82 686 1109 12951
103 179 640 4013
20 157 169 5125
15 78 836 2179
28 178 1000 1458
8 105 770 1569
27 200 643 4794
685 748 1909 9720
176 200 686 1823
82 137 148 204
133 202 797 860
49 185 640 1280
35 157 643 7976
24 1109 1449 5125
20 961 1549 4739
88 133 1109 4510
68 105 1109 1329 5071
183 203 749 3523
48 157 915 2989
3 179 4040 4651
3 170 185 857
82 184 1071 1940
15 839 4110 7846
53 105 176 943
103 207 703 7539
3 201 865 7210
179 195 201 355
194 203 1280 4013
94 836 1209 2485
3 193 925 2246
11 106 900 1333 3898
63 162 194 1639
46 179 1449 9202
194 209 1449 1660
1437 2956 8620 13234
88 105 169 4525
15 82 206 2179
179 836 2105 3908
157 765 986 1560
9 98 192 655
171 203 2105 13210
24 1024 1205 2239 3259
56 205 386 1031
49 170 935 1123
20 157 169 199
81 192 204 1031
162 175 1639 3574
82 204 1109 2179
162 206 797 10018
28 88 152 206
35 185 1286 3908
63 177 192 836
56 192 736 4825
63 162 3295 7849
24 103 1385 2431
8 133 200 749
49 103 749 793
46 157 749 2016
20 749 1139 1325
25 1171 5214 8015
3 179 703 762
20 204 1517 2713
24 203 3420 5125
64 793 1015 1105
133 169 1109 1588
20 103 179 703
13 193 1517 3326
185 192 1236 3420
56 183 386 2173
105 157 183 3523
24 49 167 703
49 185 703 9202
20 49 205 4436
137 163 836 4483
157 185 2822 5505
49 164 3199 4651
103 157 643 3908
157 173 206 9202
49 208 779 3523
20 105 157 1449
20 82 836 2569
24 1021 1109 1135
24 103 868 1383
8 35 1161 5207
1 24 707 2707
103 178 3420 9718
74 203 205 1379
63 81 192 9702
119 179 1139 1325
133 964 2823 4578
103 884 2747 3420
1060 1254 2173 3718
56 190 2506 2868
15 24 28 63
8 157 199 5125
3 35 115 1409
157 194 199 9202
103 203 2105 4651
103 173 203 5125
33 157 749 868
154 1024 1549 2239
46 49 3709 5125
162 194 1209 3295
1 928 1150 1421
208 996 1034 1683
179 749 1278 3523
185 208 703 1034
24 203 749 1449
138 193 208 1536
185 208 1021 3420
182 193 897 1517
192 207 4438 6337
208 644 882 1520
3 179 201 5168
63 204 1105 3301
103 157 192 3857
3 777 857 3523
62 97 194 832
103 1109 1280 1385 4915
176 206 797 1458
3 162 193 2246
5 206 797 1109
49 103 157 857
11 87 157 4013
15 24 703 1449
3 33 179 1280
162 194 205 2839
185 1449 2105 3199
8 157 184 1409
162 1517 2498 3326
15 175 707 1031
35 749 1043 3574
157 192 197 10420
8 157 643 1280
33 103 749 868
103 205 2233 3908
188 386 2050 2173
11 46 173 7474
8 189 687 4669
24 209 779 7570
20 119 163 173
8 169 749 5211
20 24 119 793
49 192 1325 3709
24 105 196 1280
162 166 193 8683
27 133 200 1160
46 170 209 8569
15 49 1280 3420
125 1257 1385 3022 8776
836 1000 1209 2485
63 94 157 993
8 943 4510 8394
24 56 779 7570
203 1123 3523 7543
3 33 868 1350
8 184 1520 5077
3 20 179 1226
157 169 205 836
84 1517 4167 5036 9779
179 836 1560 4653
175 793 1015 2230
28 836 1031 1687
3 76 2105 7225
46 49 185 13210
15 163 1109 5125
103 185 857 1280
836 1209 2485 4436
103 179 201 2105
185 194 1021 1660
20 173 749 1449
103 179 203 678
24 79 920 2776
198 943 1908 4170
82 1109 2777 3908
3 82 1236 7024
8 200 1569 3579
157 203 3295 5125
15 49 103 173
24 46 49 9202
183 185 779 3523
20 163 793 1449 3709
3 851 929 7024
74 200 821 4609
192 836 2431 4436
15 163 192 4717
163 173 915 5125
749 836 2233 3295
163 920 1031 7849
103 668 1278 2105
178 192 196 9229
49 103 205 925
176 194 2431 6205
15 192 836 1109
164 179 194 4040
192 210 836 1209
63 153 205 10366
8 62 133 194
35 169 1409 8000
49 157 179 4651
8 851 882 4968 7155
20 205 640 4436
15 103 147 1099
63 206 917 2179
11 49 192 3420
20 103 2553 3523
81 169 204 1031
24 192 918 9718
179 668 703 7225
1383 2707 5125 8677
162 943 1160 5295
206 1538 1598 1660
28 178 1050 2485
3 762 871 6288
3 643 1409 7976
24 103 1021 2016
20 157 160 197
88 201 1588 4510
749 943 1109 1259
156 836 1109 9202
192 3420 5101 9769
103 126 185 703
170 201 678 7024
35 797 1109 4794
910 2747 3420 9769
103 1021 1109 2016
133 176 686 797
162 191 2776 12117
157 643 1109 2980
24 192 1385 2431
8 194 643 1043 1713
24 138 1196 1536
190 736 1060 7627
103 105 1099 1109
2 103 203 765
35 182 1713 3555
24 173 179 745
15 203 205 3295
185 2105 3523 9202
15 178 208 536
201 882 942 1236
163 194 205 920
162 192 920 1385
48 173 1109 5125
11 192 1094 1350
179 751 925 3908
17 133 200 3076
24 194 920 4142
15 63 206 5268
204 839 2122 2176
192 208 536 2179
15 206 677 1458
95 206 1047 1398
82 159 192 2822
157 168 915 4924
77 203 1383 2625
148 194 988 4794
35 167 643 3537
5 167 2311 3705
103 199 1099 5125
8 105 189 1569
17 133 176 1569
27 506 990 2431
192 821 2173 9190
79 190 386 821
103 157 179 668
24 152 194 797
8 44 4613 6296
199 868 1021 2707
105 133 183 943
8 157 1235 1334
94 205 2357 4436
8 145 643 3537
24 33 203 206
192 206 920 1908
3 49 103 207
3 82 851 1236
3 82 196 7024
49 157 179 15424
157 164 194 15238
192 206 1109 5125
386 821 2136 2173
24 194 1921 5125
82 177 836 7849
793 2485 3703 14663
24 79 200 2136
24 159 1021 9718
164 194 2105 3908
82 205 4483 4715
105 779 1445 2311 3705
27 35 1021 1109
11 422 809 2394 2406
157 1034 2105 3523
201 851 1333 7155
63 1639 2485 10420
3 170 729 857
16 49 1236 1280
15 105 707 4918 7561
15 204 870 1908
46 770 8569 10984
20 836 1024 1537 2239
208 882 1951 4078
11 157 884 3420
63 147 194 2234
8 24 943 1109
183 1018 1139 1205
209 655 1139 1479
103 1109 2108 3905 9202
6 82 777 2105
24 836 1109 3295
33 169 1445 1569
24 200 386 4609
27 169 1021 1109
80 176 1109 1449
203 749 3418 9202
194 206 1598 1660
188 192 1550 2173
20 119 173 793
3 106 882 1236
157 170 777 857
49 171 194 199
3 170 857 1280
63 175 3256 8884
103 668 986 4651
185 199 1660 13462
8 82 201 1333
162 168 1043 7953
179 1123 2105 7543
643 1409 3537 7976
24 49 1021 3420
157 915 2179 2773
82 204 205 4483
179 201 203 2105
195 836 961 1549
105 881 929 1334
8 27 644 832
179 199 3523 13210
157 749 868 1280
148 749 1043 4794
20 27 839 8836
24 81 920 5182
8 24 169 4794
3 82 1236 2105
63 192 836 1687
1537 2239 2822 5505
171 194 1449 13210
8 157 686 943 1908
46 49 1280 13210
643 1280 1660 2980
194 201 1449 13462
15 46 943 2302
24 975 1034 2179
165 1517 2246 2713
181 210 405 5207
15 103 173 703
49 170 1280 2105
192 200 205 9702
3 8 929 4915
15 24 88 2485
49 103 185 192
9 182 683 2757
643 678 1409 11621
103 169 1109 3908
156 832 988 4510
3 174 668 7225
24 839 1031 2176 5134
192 836 1209 14249
74 836 1449 5876
204 205 2173 2845
15 208 797 1034
63 1540 2776 9720
94 836 4436 14249
103 183 203 1280
204 205 1031 2431
133 179 749 4195
15 20 836 4483
749 2179 5125 9202
170 678 1280 7497
63 196 205 7849
105 167 179 3523
33 49 179 5168
159 208 797 3265
20 836 1139 1325
147 175 197 993
46 749 1109 1908
157 907 2757 3326
46 192 2060 9229
8 17 200 1429
24 836 1021 9202
147 163 2431 7849
24 148 203 1449
24 194 4258 4794
62 97 133 964
82 201 643 1334
15 79 84 1099
20 836 1099 3295 5134 7849
17 105 943 4510
201 736 942 2905
163 209 779 7570
63 82 194 917
105 157 749 1160
157 170 1236 2105
8 62 133 832
63 162 205 3295
78 163 205 1379
162 204 207 4167
15 105 204 943
8 194 645 988
162 175 920 2176
35 749 1043 1569
49 179 925 1236
48 175 194 1540
208 1280 3523 12570
119 157 179 1269
194 1535 3295 7849
24 208 797 1109
1660 2980 8677 11092
74 192 200 2173
192 199 884 3857
82 159 201 7635
107 190 192 736
79 163 920 2122
156 1109 2108 3905
28 49 84 1031
203 868 5125 8677
172 208 703 3523
15 81 914 1031
105 133 2823 4420 4510
177 192 506 990
79 183 205 2173
668 1535 1560 6337
103 1269 1352 5191
20 103 2105 7543
8 175 1280 8677
24 159 163 9190
47 157 175 1383
156 162 1540 12117
163 196 1031 7849
20 33 179 3627
8 105 169 1109
163 770 2980 8677
46 173 2747 3420
173 686 964 10021
871 1385 2713 8683
163 876 1099 3295
24 185 836 9202
103 157 205 2105
203 703 1449 13213
63 82 915 3298
49 694 3420 9229
24 105 707 1383
24 105 204 1445
48 201 203 9202
24 716 821 1031 2173
84 162 1060 1254
84 162 204 1385
81 192 197 200
24 749 1139 1325
88 133 176 943
185 194 1660 13462
49 170 1236 1280
82 137 148 836
27 63 751 2431
194 913 1538 2771
49 179 749 1139
49 164 4040 6337
206 1232 3372 4987 7702
27 70 105 976
103 192 836 3295
103 192 836 3908
183 200 386 2173
190 192 198 1254
208 1109 2179 5125
157 169 3574 10171
8 11 1333 4968
185 192 703 1109
46 179 749 1109
20 49 119 157
63 82 206 835
157 205 2105 7543
88 169 173 1109
103 194 1109 5125
20 103 707 793
20 157 749 1018
15 28 208 536
15 63 204 7849
162 163 175 10420
157 749 3574 10171
49 765 1319 4651
3 8 170 1161
46 2060 3420 9229
82 184 7191 12784
20 163 173 1109
88 156 201 689
49 103 205 7543
105 206 1109 1259
179 668 2105 3199
191 204 1610 2176
199 203 2108 13210
35 184 7191 12784
157 199 884 12907
20 103 157 203
159 199 857 1280
25 82 1409 4613
3 68 103 851
3 157 1235 7178
103 910 3420 9769
179 194 199 1280
24 63 1031 3301
82 206 1109 7702
3 203 915 4651
8 24 152 1460
15 192 1109 2989
103 1280 1286 4013
208 915 2179 5125
168 170 643 7024
8 162 200 1160
1021 1094 3420 5101
24 204 1385 2431
162 194 4251 10420
175 192 10420 14249
20 49 183 205
88 157 1918 5125
194 1449 2980 8677
8 82 3993 7024
48 176 187 689
150 178 5269 9064
199 851 1280 1365
163 201 915 1109
8 685 748 942 1909
166 193 7751 12084
24 192 655 7570
157 686 3142 4794
179 203 1165 5876
24 1060 1400 2016
15 171 204 3302
8 201 929 1333
156 198 200 3297
8 148 749 2254
868 1918 3857 7128 12907
105 133 156 4510
46 77 170 770
920 1255 1927 3425
3 185 1236 1280
3 170 857 3523
46 199 1094 2060
24 46 3420 9202
3 20 703 1443
33 203 868 1350
77 173 203 5125
20 105 1109 3523 9202
63 137 148 204
15 49 536 703 2179
82 205 915 4483
1 639 686 1908
24 105 943 1109
3 76 157 7225
199 1099 1109 3295
20 157 179 1449
3 8 33 35
162 195 751 4167
15 167 770 2707
64 175 1015 4804
15 770 1538 2302
24 88 940 1383
174 200 7839 12117
3 6 865 2105
208 1109 1280 9202
24 103 2485 3295
103 203 915 3295
49 157 179 208
35 184 2609 8492
9 148 686 878
24 163 800 2752
173 203 1449 9202
84 163 1031 1099
159 1660 2980 11092
33 157 749 3579
27 144 1432 1588
169 915 2485 5125
170 199 1280 3523
68 179 201 925
157 1109 3418 9202
24 179 1034 1109
105 167 779 1445
20 94 751 9999
63 157 194 197
8 68 114 3898
76 195 355 929
643 871 3397 12784
103 194 2108 9202
208 1918 3420 5125
49 185 668 2120
8 16 1280 5026
24 183 1325 10273
167 204 871 3537
46 884 7128 12907
103 157 185 1236
784 1021 1280 1660
15 49 84 1031
94 163 2431 10420
162 166 195 5036
82 105 1334 3824
186 871 3537 5036
24 162 1043 7921
208 703 1280 2105
206 770 4104 5872
157 749 3418 5125
63 157 197 2830
190 192 686 2227
199 1918 3420 5125
169 200 1041 1569
15 49 1683 5125
179 751 1286 3908
49 208 749 2179
157 197 993 10420
103 164 4040 6337
76 179 203 4651
46 884 1437 2060
49 103 1280 3420
199 2060 3420 9229
76 179 195 4651
103 205 836 915
8 33 105 1445
44 162 195 5036
64 129 162 4804
74 183 386 2173
157 749 1280 7609
192 1000 1050 2485
103 156 1921 5125
24 767 1280 3420
82 179 201 4965
208 1034 1123 2105
105 162 204 1109
82 163 1109 7849
24 163 192 2485
24 185 1449 9202
162 200 512 2868
15 20 49 703 793
961 1537 2239 2822
84 162 1283 3981
42 103 203 703
203 2105 3523 7543
20 24 1099 1383
84 162 163 1690
20 173 201 1109
35 643 988 1109
179 201 929 2105
3 8 1152 6296
35 157 195 2239
56 200 821 4645
176 797 943 1908
56 205 716 1031
49 103 179 4013
192 990 2431 2822
208 868 913 1383
190 686 1060 1254
192 915 2105 5125 9202
35 185 2239 2822
46 196 694 3420
157 179 2357 4436
157 179 777 1226
15 836 1109 1385
24 63 920 7849
157 184 1043 1409
15 24 1034 1389
8 106 882 2726
707 1031 2122 2176
162 190 204 4167
103 169 686 5125
1034 2105 3523 5168
836 1021 1109 9202
179 1280 3420 9202
24 202 206 860
3 8 1409 5207
15 793 1389 1683
8 35 643 7953 11568
15 84 920 1099
24 105 167 918
194 198 206 797
103 157 749 3574
24 49 185 836
103 179 192 749
182 186 2757 3318
24 103 1109 1385
48 148 175 5125
210 1043 1160 4794
24 770 1383 4660
63 194 1209 9139
133 928 1150 1823 3071
105 157 179 7024
24 27 3259 4794
15 105 797 4915
185 203 836 1449
157 169 749 1569
184 204 1409 5036
46 157 199 2980
33 189 1047 1160
164 765 1123 7543
20 185 703 836
157 199 1280 8677
24 209 836 1449
157 203 1123 7543
80 176 179 2179
63 1540 5126 9720
8 24 148 1043
157 160 178 4830
836 2105 2179 9202
82 1109 2532 12951
157 199 868 5125
46 686 1094 7474
63 82 177 1171
8 88 157 169
3 20 2105 4651
87 157 915 4013
53 105 169 189
179 836 3265 5071
3 159 166 9860
63 194 965 3295
162 1626 4167 14029
103 169 201 5125
157 203 2105 9202
46 206 1538 8677
162 1535 3908 12126
74 190 821 4609
34 172 190 2050
194 208 797 1109
184 871 1303 2717
24 208 749 1383
23 191 208 5126
24 836 1050 1773
23 191 208 1540
208 851 882 4078
88 105 707 1383
157 205 2431 3908
198 643 3397 12784
185 196 1660 3469
133 198 200 4578
33 203 3523 9345
84 179 205 703
8 133 1160 4609
162 797 920 1908
3 106 882 925
49 770 1365 1660
194 920 1031 7849
105 170 777 9343
1021 1109 5125 9202
82 159 184 643
82 655 836 4665
103 1560 2485 3295 10420
46 49 192 1021
3 49 157 175
46 1530 9769 11196
95 194 988 1160
79 103 194 915
46 943 1908 5125 8677
8 17 133 2823
103 157 836 1109
162 176 2431 7849
163 209 1139 2485
46 809 868 1918 2406
8 24 749 10021
159 163 957 1099
49 208 1021 3420
24 183 208 749
3 157 195 5168
208 913 1383 5125
179 194 1280 7024
24 208 1007 3420
15 88 208 797
172 208 703 2105
3 157 203 1280
29 192 196 2233
171 915 1383 8677
20 836 2105 5876
63 191 1540 9720
157 168 169 7953
15 919 1607 2179
203 868 915 1280
201 1109 9703 12126
179 1123 2105 12570
10 957 1099 7683
157 205 915 1537
49 205 836 1209
155 169 1021 1329
8 133 156 686
103 703 1280 7539
24 206 1109 7702
63 197 1533 4804
170 703 1123 12570
49 179 1560 4436
169 176 188 4510
8 156 201 1280
166 184 643 871
20 24 1109 1449
148 988 1109 4794
204 1517 2201 3326
88 157 686 915
95 162 173 4609
105 206 2793 4525
163 197 965 14249
105 189 1569 4660
82 193 205 920
15 78 919 1607
46 770 1538 11092
63 194 2485 10420
103 1280 4924 7543
157 176 179 6205
9 182 195 683
63 175 993 10420
157 751 3908 6205
185 836 2239 2822
162 163 797 7849
82 159 184 1236
175 206 1639 12385
133 200 988 2823
15 24 1385 7849
20 24 163 1325
195 683 1517 2757
156 178 689 2281
167 204 871 8492
82 157 678 4613
157 179 183 774
203 749 836 1582
8 198 943 4576 5821
15 205 836 3295
82 851 1236 3823
46 163 170 1530
170 694 1236 1280
1109 2431 3908 12126
157 865 1236 2105
35 185 1024 2822
703 836 1379 1449
15 82 204 2179
15 836 1379 1449
190 204 1517 12084
157 178 1280 5125
15 918 1280 5125 9718
20 1034 1109 2105
24 162 194 9721
76 203 2105 4651
24 2431 4794 6609
15 88 797 943
703 774 3523 7543
20 33 49 119
208 2060 3420 9229
199 857 1383 3523
170 1123 3993 12570
24 28 63 2179
204 1045 1443 3589
97 133 645 2823
20 1034 5125 9202
46 49 168 2105
24 175 194 1540
163 965 2839 14249
5 105 2124 4660
63 81 3297 9702
163 204 836 1449
63 836 2431 2822
63 162 206 1639
28 178 192 4717
63 82 194 206
179 203 1891 2105
194 199 2108 13210
8 868 2956 7128
24 192 836 975
105 770 2980 3922 11092
157 199 1109 9202
749 836 1325 1449
1 639 788 1160
163 205 2122 9199
194 1533 2830 3295
20 1383 3523 5168
157 179 925 1269
157 195 1639 12385
3 103 915 1236
162 204 920 8683
157 749 2485 4830
199 643 1280 1660
20 157 915 925
203 915 2105 3420
53 105 133 797
24 173 1007 3420
24 88 797 1109
159 184 871 3537
20 63 839 1205
3 44 162 3537
20 185 836 969
24 194 208 918
49 172 208 2105
63 1031 3301 7843
46 179 1660 2656
8 148 686 1540
103 157 175 1236
20 210 976 1569
173 749 1168 2808
208 1034 1683 5125
162 1255 1927 7194
169 686 1918 5125
163 196 201 2774
46 770 943 8677
77 1021 1660 4104
10 201 751 2431
8 82 105 2717
48 194 201 4346
13 186 907 3318
210 836 1000 2485
162 920 1109 7453
836 1139 1479 9322
88 176 689 4510
105 920 1927 3425
162 205 3295 14249
162 192 205 13944
189 201 2616 5077
46 157 182 12907
5 918 2124 3922
179 203 749 1449
35 82 925 7635
81 204 920 1031
27 35 751 4794
68 189 942 2726
49 185 777 2105
8 643 3537 5207 7976
24 68 1635 5071
192 203 386 1031
84 163 920 1031
133 176 1109 4794
179 194 3908 4651
190 204 2201 12084
15 44 166 1280
24 185 203 749
24 194 703 797
179 779 1278 3523
35 184 4968 7191
44 159 678 11621
686 749 1168 8028
176 194 1385 7849
199 943 5125 8677
103 179 857 1280
49 179 2105 12570
49 157 915 1383
203 913 3420 5125
87 179 2105 12570
15 839 1196 1536
137 148 204 836
201 1236 1280 7024
163 192 1021 1530
11 103 192 749
33 103 167 178
49 167 178 1383
103 836 1319 4651
76 703 2120 4651
11 24 46 694
35 169 1043 3574
176 194 2823 4510
175 208 536 4830
11 422 770 2254 2406
133 157 200 686
63 82 1109 3298
3 82 871 1940
68 103 749 1109
178 876 1319 1535
3 170 915 1280
169 176 200 988
106 683 897 3885
3 643 1409 4613
162 194 210 4251
24 133 749 943
201 643 678 1280
15 194 2485 5270
176 205 836 3908
163 205 1379 4665
27 133 988 4794
3 185 925 2105
148 913 4106 5125
56 821 2173 4825
154 961 1549 4239 6181
1 133 200 4578
133 152 194 797
63 192 506 2822
24 105 940 2124
63 194 203 3295
92 157 1139 1325
1109 2431 3295 7849
179 749 1325 1449
162 179 751 959
8 103 142 868
194 913 1540 4106
63 157 162 5303
199 1021 1635 5071
49 179 199 13210
24 770 1280 5125 8677
8 643 1021 1660
148 749 4345 4794
3 49 703 4651
3 179 203 7225
199 1021 1530 1598
103 157 185 203
74 386 891 2136 2752
192 206 355 2773
157 208 8668 13213
3 157 3523 5168
49 183 749 793
162 193 2375 4167
1021 1538 1660 9718 11092
204 1031 2431 7849
178 183 205 2173
24 178 3420 9718
56 192 205 9649
49 857 3523 9615
176 185 201 1449
49 703 1280 7543
703 797 1109 2179
203 678 1280 2105
24 81 707 9649
35 166 169 405
175 920 1099 2176
33 157 1043 1713
20 24 203 5125
157 179 765 2105
3 103 203 3523
8 47 105 169
33 200 1041 1569
166 184 1043 2368
208 1109 2105 2179
20 49 836 4040
15 192 836 2179
163 192 2777 12126
20 103 185 2105
105 189 770 1569
103 205 793 4436
15 205 774 5876
162 190 686 2016
8 24 821 964
203 836 2179 9202
35 1517 4167 8480
24 173 305 1021
8 133 176 4571
162 180 194 197
163 751 1031 5134
8 162 1109 4794
192 1031 1687 7849
185 729 925 1236
17 27 133 4280
49 70 103 167
147 163 3295 10420
82 192 2105 4665
15 103 207 3295
35 162 184 1171
3 103 207 6337
8 15 1280 5125
839 975 1034 2841
3 106 1333 4968
33 35 7953 11568
197 199 206 499
1517 2201 4167 7751
15 63 194 1031
103 179 765 2105
162 190 205 3326
162 194 1639 10420
46 49 1280 2060
24 200 821 6151
208 975 1034 2841
9 179 1139 1325
24 105 918 940
185 203 1449 9202
152 194 797 943
79 190 821 2752
173 208 1021 5125
200 643 749 2532
175 194 202 1639
770 943 1383 8677
192 197 205 2431
157 176 643 4794
157 208 1918 4106
49 755 1645 2179
3 145 1409 7976
177 920 2713 5134
15 24 707 2707
103 156 836 9202
170 770 1445 2004
176 179 3908 6205
15 63 536 1683
46 157 173 5125
157 199 2747 12907
20 82 1109 3298
703 1385 2105 3908 4651
46 192 4180 5053
35 184 1043 3537
157 686 749 3142
82 208 3993 7024
24 105 1569 4420
194 201 209 13462
24 749 1325 2485
20 63 751 1099
8 176 1823 3071
82 184 198 7191
185 1109 3372 7702
24 88 797 943
103 179 925 1269
192 1109 5125 9202
20 49 157 5168
20 836 915 1034 2179
126 203 1280 3420
192 206 1109 1278
3 82 184 1334
1449 2105 9202 13210
105 206 1109 3523 9202
88 204 943 1109
24 703 1280 3523
176 194 643 4794
103 203 857 3523
79 386 2050 4645
49 103 192 3420
35 82 871 2378
179 640 1286 7543
24 206 943 1908
8 27 169 189
49 185 9202 13213
15 178 1000 2485
208 839 996 2841
3 179 638 1280
63 993 2230 3256
8 27 1445 4342
15 103 203 205
20 169 203 5125
193 871 1517 4167
1 88 943 4609
169 183 749 1041
106 647 907 2757
643 1521 1713 4282 4613 5639
63 157 195 536
178 188 972 2173
33 103 868 1350
171 1280 2105 7543
20 74 119 1325
106 204 1517 3885
103 167 703 3523
24 208 703 2179
24 46 192 703
15 203 678 1280
179 703 2105 5168
103 157 640 1383
914 1031 1105 5128
170 179 201 1123
103 199 686 884
28 88 536 5270
49 171 179 9615
185 198 749 1018
133 156 832 1043
48 156 201 5125
178 767 1280 2296
168 208 2105 12951
205 920 4107 7849
173 196 3420 9229
192 972 1031 1550
103 765 1443 4651
194 1533 1560 10420
159 191 876 12700
194 208 1109 8839
20 915 2105 4651
27 643 770 1713
163 920 1031 1099
105 157 1235 1383
103 162 179 751
20 210 793 1449 3709
20 103 793 1139
15 24 1257 5173
80 1109 1588 4510
27 1160 3076 5295 8940
3 82 643 7635
15 194 206 1109
49 179 3523 9202
1209 3295 10420 14249
49 355 2105 2179
27 204 839 1591
44 167 204 3537
169 201 988 4510
163 204 205 2173
920 1031 1254 5182
33 162 175 3574
49 173 208 703
20 203 836 2105
20 63 195 836
103 2105 3523 7543
166 204 1517 7751
195 1517 2201 4167
133 832 988 1160
103 157 765 4040
8 33 88 157
8 142 749 3574
192 208 1259 6975
148 169 199 1109
46 770 918 1538
49 703 1034 2179
103 105 1021 1383
168 170 179 2105
20 157 163 9999
208 694 2060 9229
24 46 703 1449
97 194 832 1043
15 24 138 208
15 914 1105 3301
46 49 199 13210
194 1533 2839 4436
20 836 2105 4665
46 163 1530 8512
193 204 1289 1517
163 172 205 5876
46 49 770 8677
24 63 2431 7849
157 1350 3857 7474 12907
175 749 1383 3579
179 749 3523 9202
24 147 3295 7849
199 1021 1383 5125
49 170 777 933
174 200 207 12117
159 1538 2254 11092
82 184 925 7635
49 208 2105 5168
157 777 1123 3523
170 770 918 11092
203 208 913 1383
49 703 926 2105
192 1060 1400 2016
8 68 114 2726
157 355 836 2105
105 169 1445 3579
536 1004 1683 4830
163 2431 7849 12126
49 185 355 5168
27 105 133 1569 1588
157 185 929 2625
103 157 925 8331
34 79 207 1060
80 162 685 869
203 868 1280 1383
199 208 5125 7840
33 103 167 179
176 192 3908 12126
3 157 170 1422
33 88 169 1383
208 1094 1280 3420
3 6 157 2105
770 868 2254 3552
16 24 46 1021
192 199 9202 13213
39 49 173 1389
11 87 157 1236
63 915 1540 3298
157 182 1350 7474
3 82 157 1067
15 88 152 797
20 49 185 4830
49 192 1325 1449
3 157 1409 5207
194 199 203 2108
162 1517 4167 5036
98 566 1725 5374
8 175 2254 8677
103 185 205 1139
103 205 2431 4436
33 49 103 640
49 103 178 1560
24 203 2179 5125
119 160 1139 1579 4830
49 157 173 925
20 173 915 5125
770 2296 2956 9504
1034 1109 2179 5125
49 157 1139 4040
204 1517 2713 12084
183 793 839 10369
63 82 836 961
46 196 3420 9229
162 206 3142 10018
79 1031 2176 2776
201 882 929 1236
105 176 851 4510
49 185 208 1236
79 162 190 207
8 35 871 3537
24 105 770 851
33 133 206 4093
3 70 179 777
185 196 1021 3469
8 168 170 8472
88 157 689 1109
61 190 1517 2201
1 24 206 1908
49 103 167 3523
103 1109 2431 3295
82 169 871 1409
203 703 836 975
20 24 1034 9202
203 836 5125 9202
103 868 1280 1383
82 204 2179 8839
3 82 184 1235
8 9 58 422
15 63 839 1034
148 194 204 3302
24 797 1908 3142
24 88 173 749
1109 1449 2989 9202 13213
79 162 192 821
88 686 1109 1908
63 94 157 14249
24 103 1109 3295
173 208 2422 2808
188 1060 2050 2173
49 536 1004 1683
15 63 78 919
192 201 1109 9202
157 173 175 5125
56 123 192 655
56 736 1031 4825
703 1109 2179 9202
20 836 1034 1109 2179
201 836 1021 1449
194 2254 2707 8677
163 192 2485 3295
8 35 166 405
105 170 770 4660
162 163 204 6106
206 770 1538 8677
29 196 1687 2233
192 386 716 2050 2136
20 35 1209 4436
176 192 1109 12951
197 836 1560 4653
49 703 836 2105
162 205 1909 9720
204 1289 4167 14023
88 105 133 1588
8 82 105 201
20 148 1109 3298
23 191 1909 9720
103 1319 1535 3295 7783
5 24 646 797
88 105 1109 1588
163 192 10420 14249
24 63 192 9718
74 200 891 4645
191 2776 3297 12117
169 877 1109 5071
162 200 2173 2868
157 1034 2179 4830
169 194 201 5125
82 179 201 1123
159 180 871 2378
6 49 179 1226
15 49 168 1280
194 1538 5125 8677
162 163 188 2173
94 751 1209 9999
173 749 3142 4794
20 2105 3523 7543
8 148 749 868
49 103 668 4040
6 49 170 2105
72 157 2747 3857
15 20 24 28
162 851 1333 2616
1 1432 1908 3142
162 191 200 12117
103 194 1319 6337
49 175 729 1236
15 192 2485 3295
20 203 703 925
192 915 3908 12126
15 24 163 793
70 199 1280 5026
8 88 105 4525
749 836 5125 9202
170 643 1236 7024
157 179 857 3523
199 1021 1280 9718
24 159 1021 3420
156 179 836 4653
175 1021 1660 5125 8677
169 194 988 4794
17 133 144 189
8 46 770 3552
204 205 1610 2122
3 186 934 8492
24 27 185 4794
24 173 206 3142
80 194 943 1588
24 148 173 5125
15 24 793 2485
46 643 770 2980
162 181 193 1517
24 749 3420 5125
208 1280 3523 9202
173 797 860 3142
193 204 1591 4167
20 148 836 4794
105 133 1162 4420
24 793 1389 1683
206 707 943 2707
988 1043 1160 4794
24 194 1031 7849
192 694 2060 3420
79 200 891 2136
179 195 355 1895
24 148 169 204
49 179 1449 9202
683 804 897 1517
192 205 2431 2822
3 185 643 7024
170 184 1409 3079
185 836 1139 4040
163 1031 1099 3295
49 94 205 836
15 204 920 1610
15 163 173 203
209 655 1325 1449
194 1280 2774 9718
15 109 163 9649
72 910 2747 7474 12907
156 201 203 13213
88 133 176 206
20 88 169 749
167 186 195 8492
63 175 198 1533
179 668 703 1278
20 157 199 9615
185 201 1034 1109
49 171 194 2108
148 158 194 8569
179 1021 1109 2016
95 133 200 1569
63 79 162 1540
84 1099 2176 5134
871 1334 2717 3824
205 386 1031 2136
655 749 1018 1139
88 204 686 1259
148 169 749 5125
15 49 103 1280
160 199 2485 4040
8 24 943 2122
56 163 203 800
103 169 686 1109
159 166 184 3860
836 1031 1385 2431
190 205 907 1517
46 170 201 1660
103 179 205 2105
942 1012 3898 9695
49 157 1383 5125
24 63 836 7849
15 49 205 703
145 193 204 2375
70 777 857 3523
179 2105 3523 5168
162 166 871 3537
8 88 169 4512
20 28 185 4830
20 133 1109 4794
46 179 199 9202
24 152 206 920
63 148 990 10429
203 915 2179 5125
8 194 749 5211
3 160 201 355
49 536 755 2179
15 103 178 3295
3 35 82 643
94 793 1560 14663
157 199 3420 9202
24 716 1031 2136
98 163 203 1449
192 1015 1325 1639
3 159 186 3537
142 169 749 868
63 82 2431 2822
157 668 2105 7225
8 201 915 7024
17 105 133 4510
24 169 1109 4794
703 1123 2105 3523
15 797 996 1034
35 123 797 1473
33 105 156 3579
157 179 640 986
103 157 179 751
196 201 1109 3295
145 3537 5036 8492
63 79 2839 3295
1021 1319 1645 7783
179 201 203 4651
8 133 686 10021
79 183 203 2173
169 203 836 5125
24 103 179 1139
192 199 884 12907
35 1409 1713 7976
82 148 192 1109
175 199 206 499
203 208 1383 2625
15 206 707 4660
88 194 201 4510
192 386 821 2173
208 1094 3420 5101
3 103 179 201
204 871 3537 6296
46 1660 2980 11092
62 97 133 194
868 1021 1094 1280
15 839 2176 5128
46 173 1238 2060
20 167 179 3523
63 836 919 2179
157 197 836 2431
79 192 386 1836
157 208 1280 2747
9 46 148 5211
157 203 1383 5125
194 962 1660 2980
88 133 157 943
166 199 868 1280
506 797 836 2239 2431
33 206 1278 1383
162 201 2616 7155
3 82 184 1300
204 206 689 1109
201 2105 4013 15238
192 2105 3420 9202
20 105 1383 3523
103 179 703 9202
27 133 200 3076
49 103 168 192
62 204 2506 2764
27 980 990 2569 5358
63 836 1209 14249
82 157 943 2980
46 91 176 201
157 1034 5168 9615
15 204 1607 2179
194 1209 2839 9139
49 1236 1280 2105
166 184 1713 7976
49 157 749 793
147 194 3295 7849
11 72 157 910
157 163 3295 14249
175 1535 2485 6337
24 779 1109 1278 2989
46 686 1094 4753
46 159 204 4915
20 836 965 9999 14249
49 157 179 777
157 199 1109 2179
156 197 1639 5301
15 206 1538 8677
63 204 2179 8839
157 175 194 5125
157 2747 3420 12907
169 176 1756 4794
46 82 943 2980
49 103 157 4197
8 200 4420 4669
47 169 1569 3579
24 88 206 5125
204 208 1109 1259
8 24 105 198
133 988 2823 4578
27 751 990 1109
53 88 176 943
157 192 203 3420
24 109 163 2485
183 203 1280 7543
46 943 2980 4987
179 1449 2105 5876
192 203 1449 13213
20 49 185 2105
1004 1034 1683 4830
157 929 2625 5168 9615
33 103 142 169
148 1024 4345 4794
5 125 797 1257
27 133 169 1715
129 162 175 1015
185 200 203 208
2 103 765 986
46 77 918 11092
20 103 185 9202
162 1535 2431 12126
35 82 643 1334
20 185 201 3523
8 189 1043 1569
20 24 98 655
3 49 926 4965
192 1109 2179 5125
24 800 1011 9148
194 203 2179 9202
15 81 920 1254
15 913 1280 4915 7026
105 201 1123 3993
15 24 204 839
157 185 205 14189
15 28 88 5270
163 192 203 5876
20 765 2105 3908
54 942 2726 4968
80 194 1109 5295
105 749 1109 1569 4794
169 745 1021 5071
24 74 173 3142
77 157 199 15277
3 33 105 1235
156 832 4510 8394
851 1021 1109 5071
80 105 943 4510
80 194 1588 5295
15 28 63 975
3 103 925 7155
87 170 203 12570
9 11 809 2406
201 643 1067 1856
20 24 183 1725
201 689 1109 4510
63 157 995 10420
24 185 1205 4794
178 1021 1280 5125
46 159 2980 11092
157 355 929 2105
24 53 152 198
169 183 1569 3579
157 205 915 3295
15 193 1196 2482
49 179 640 4013
46 178 2060 3420
105 206 1383 1538
190 897 1517 2498
24 49 1280 9202
24 751 976 2556
56 192 204 1031
20 103 1383 5125
204 206 920 1908
79 192 1550 2173
103 185 3908 4651
185 194 1449 9202
194 208 2105 9202
157 205 1099 5191
749 1109 1280 5125
210 1445 1569 3579
46 49 170 2105
178 839 1683 10369
194 2431 3589 6205
163 1031 1687 5134
157 192 2179 9202
3 6 49 179
8 27 200 4794
49 157 536 2179
133 797 836 2179
157 185 836 4040
20 82 2105 4665
194 770 2980 8677
46 178 2060 9229
105 206 1068 4525
88 133 169 4525
46 175 206 2254
81 1031 2122 9649
8 33 35 5207
163 1209 2431 3295
49 157 915 2105
49 355 536 2179 2773
15 125 204 1031
836 1209 10420 14249
8 162 5205 7953
157 208 2422 4106
82 643 929 1334
17 176 4510 8394
208 1034 1123 3523
24 173 1034 1683
5 105 707 4660
68 1021 1635 5071
205 920 1031 3295
163 205 1099 5134
49 185 205 7543
162 176 200 4794
8 145 170 1161
49 192 208 2773
199 836 1449 9202
24 105 707 7561
163 190 2752 4609
190 205 386 2050
176 179 797 1034
157 199 2485 5125
6 185 2105 4665
94 179 836 2431
49 199 208 5125
48 208 1109 2105
8 200 686 749
23 79 1540 9720
24 63 836 975
56 163 196 204
24 169 209 836
49 793 1002 4830
15 48 176 1109
49 205 836 9062
703 1280 3993 4915 12570
190 821 2506 2752
56 386 821 4645
49 157 170 1236
201 851 882 1333
82 2980 4915 7024
28 94 1209 2485
68 942 2726 9695
46 170 770 1538
173 199 1094 9229
103 179 199 1109
178 199 5125 8677
24 105 3922 4660
74 162 386 4609
199 1538 2980 8677
194 770 918 2302
208 749 1109 9202
27 63 506 2239
194 918 1538 2302
173 1109 1449 5125
157 169 199 1109
149 160 1034 5268
24 386 1031 2136
88 169 177 4512
88 152 206 943
88 943 1109 4510
3 49 179 857
24 88 169 797
24 28 793 996
194 915 1280 4013
176 703 1449 4663
157 164 2105 4651
192 1540 2776 3297
160 536 836 2179 2485
24 63 208 975
703 1034 1109 2179
63 797 1687 7849
3 844 1334 7178
150 192 206 1130
192 506 2431 4794
82 193 1540 3298
35 184 1334 2378
24 770 1280 9229 13234
64 1560 1639 12385
15 150 707 1194 3202
82 145 907 3326
20 84 167 179
79 103 194 3295
27 644 3076 8940
24 98 192 655
185 208 703 9202
27 751 1021 1109
49 1021 1449 9202
20 163 1099 9999
105 133 943 4512
170 206 2105 3523
20 163 183 10216
192 836 10420 14249
3 159 871 7635 12784
63 175 206 499
3 871 4968 7191 7635 12784
163 655 836 1639
8 115 1409 3537
19 44 733 5036 8492
145 1713 3537 7976
157 205 3295 5191
190 200 207 386
201 205 925 2105
839 996 1034 2482
24 105 189 1588
155 207 2776 12117
192 536 2179 4830
105 1569 2254 3579
133 157 749 1160
15 192 204 1031
49 103 199 857
8 27 169 200
174 2776 3297 12117
46 1437 8620 13234
20 24 1725 5374
49 208 755 1645
686 749 1109 5125
8 24 148 770
105 1538 3922 4660
204 205 3425 5134
20 49 2105 5168
105 797 943 1109
133 200 832 988
33 49 167 179
24 105 770 1329
15 82 148 836
105 179 201 3523
156 1560 2431 14795
103 164 179 194
49 179 1560 4653
157 1409 5207 7922
13 804 907 1517
207 1535 2485 3295
1094 1437 2060 9229
194 2839 3295 14249
208 1094 7474 12907
208 694 1094 7474
94 210 793 1560
175 1660 4104 8677
133 639 686 1823
3 184 792 4968
46 749 3420 9718
49 703 1449 2105
46 686 913 3420
157 199 3420 12907
203 386 1031 2173
157 163 749 3295
24 749 1683 4830
192 201 2105 3420
133 194 797 2026
192 797 836 7849
179 197 836 4436
162 177 205 2431
15 24 88 192
49 160 1034 2179
192 836 2485 8312
79 716 1610 2050
157 179 959 6205
3 851 882 929
46 206 5125 8677
3 668 1535 4651
163 205 386 2173
20 163 1449 5125
20 24 836 1109
203 1278 2263 13213
49 205 2105 4013
83 767 918 2124
103 119 157 205
56 204 1031 2038
20 64 163 793
171 203 2105 4013
49 103 126 179
17 62 200 1160
63 162 3297 9702
106 182 647 2757
20 103 836 2105
24 1011 5337 9148
157 1235 1334 7178
24 49 210 1449
943 1109 2980 5125 8677
15 79 194 868
103 162 1385 3589
24 48 194 1540
105 201 1123 2105
82 159 184 844
8 53 133 189
170 179 2105 3993
204 205 2122 2176
27 133 169 4794
20 1021 1109 5125
24 749 1400 10171
24 27 210 751
24 980 1021 1109
157 203 1921 4104
15 178 207 6337
20 88 169 5125
46 173 694 9229
24 179 745 5071
157 179 1280 12570
105 133 943 1109
170 185 678 7497
163 210 836 10420
203 1383 4106 5125
15 205 1031 5182
27 62 210 1160
3 157 179 7024
203 208 4519 9115
157 205 2822 5505
49 185 355 836
203 913 5125 8677
770 943 1511 2254
133 749 943 1160
105 167 204 918
64 749 793 1639
8 24 133 189
48 187 201 689
185 678 1280 2105
185 201 1236 2105
105 169 204 1109
49 160 2485 4040
49 836 1449 4665
20 160 1034 1645
62 133 210 1043
79 163 1031 2122
15 49 707 1031
24 178 1050 2485
5 35 82 844
192 200 1031 1550
103 203 1280 1619
162 204 1031 2173
82 198 7635 12784
63 79 839 920
109 836 2485 3301
179 2105 4665 5876
27 210 980 990 2569
70 179 1660 3523
61 204 1517 2201
148 157 192 915
74 163 205 774
63 94 177 2822
162 195 1015 1560
173 203 5125 9202
793 1325 2485 5074 7789
3 8 184 6296
84 177 205 5134
179 195 1895 2120
103 640 1280 4924
103 694 1280 4013
24 976 1569 2556 4195
20 1449 5125 9202
185 203 765 2105
15 103 173 793
103 185 199 4040
27 173 3298 10429
192 207 736 7627
751 871 1517 4167
15 206 1383 5125
3 8 4613 6296
119 749 1352 3409
8 24 1043 1445
24 173 749 9202
176 797 5206 7930
49 103 729 1280
79 163 173 749
107 162 2776 3297
20 173 1449 5125
194 1280 9718 11092
183 793 1683 2422
173 178 1238 3420
157 199 1109 3295
20 24 183 1139
24 749 1445 1569 3579
105 148 204 1109
103 201 915 1099
20 203 3523 9202
176 703 836 1379
169 183 200 3579
20 49 173 2105
163 173 749 2394
88 194 689 4510
3 20 167 3523
5 2124 3922 4660
205 716 1031 2136
49 179 765 4197
185 201 4013 15238
167 770 943 2707
83 193 4110 7846
83 178 767 5893
148 157 749 878
63 539 1687 4834 10366
8 47 169 200
8 148 200 2254
162 163 192 1031
103 207 765 4651
49 157 164 4197
3 33 103 179
20 103 179 765
53 152 198 943
56 205 716 2173
88 868 913 1383
163 204 205 2431
24 162 3418 9721
755 1034 1645 2179
56 123 655 1479
3 1535 4438 10003
103 915 1236 4013
49 157 185 925
163 190 2506 2752
157 194 1109 2105
15 914 1031 5128
74 192 386 2136
13 145 177 3326
49 103 205 640
80 105 1588 5295
105 851 929 7024
686 1109 1908 5125
46 77 1280 8677
88 176 206 1458
157 836 2105 5876
49 168 4001 4924
192 201 208 9202
63 157 3295 14249
25 162 1038 1409
24 3418 5125 9202
205 1031 1687 2233
20 24 119 749
46 157 851 2254
49 199 1280 9202
174 1540 2776 9722
208 1109 1280 7026
193 920 1927 5134
133 173 797 1109
11 46 694 8620 13234
749 1325 1449 3709
82 105 851 929
192 1109 1449 9202
3 162 678 5214 8015
119 157 179 749
8 797 943 1109
49 157 1683 5125
197 4804 9999 10420 14249
179 774 2105 3523
185 1021 1449 9202
33 1278 2263 3523
82 177 920 2713
1449 3709 5374 10216 10273 15415
20 961 1549 2822
24 27 194 1160
24 105 169 1588
24 206 1109 9202
25 82 871 1409
24 1050 2485 3703
1 686 1908 3142
171 2980 8569 10984
20 765 4651 5675
33 868 1280 1383
162 678 1748 8015
8 46 1280 7026
177 506 2431 4794
1021 1329 1635 5071
204 839 2176 5134
105 988 1109 4510
63 94 836 1209
205 920 2713 5134
70 170 777 3523
8 169 1383 1445
88 943 1908 5125
29 185 1021 1449
678 1171 1409 1748
82 88 206 1109
3 678 1280 7024
1094 2956 4939 7128
148 203 1918 5125
162 797 920 943
15 793 1683 5125
209 836 1015 2485
162 182 1517 2757
88 105 1109 4512
793 1560 2485 14663
24 1031 2038 9190
63 153 751 4834
46 686 3420 12955
210 751 839 10429
8 88 1496 4717
53 105 133 943
157 208 1109 2179
49 103 2105 4013
8 105 943 4512
103 703 2105 7543
24 173 1034 1109
20 163 749 793
3 49 157 4868
157 179 925 2105
162 163 821 4609
20 167 1383 3523
24 1034 1109 5125
133 686 1109 4794
884 2060 3420 12907
8 184 1333 1520
24 46 1918 3420
63 204 1109 7849
836 1021 1109 1588
49 355 668 4651
15 836 1000 1031
3 167 1152 3537
160 178 793 4830
33 157 184 1713
23 191 748 1540
84 204 1289 14023
686 1021 1094 3420
49 703 1031 2553
169 871 3537 8492
185 1280 2060 3420
15 81 707 9649
24 49 192 3709
157 169 1043 10171
172 192 205 2105
94 210 1209 1560
3 20 203 4651
103 205 2105 3908
3 159 1334 7178
8 133 176 208
157 925 2105 3908
133 144 1520 4280
8 175 943 5125
148 201 836 915
8 169 1588 4512
103 751 959 6205
166 643 871 6296
193 204 2201 5431
173 185 749 9202
8 17 133 5784
3 157 179 3523
20 793 1209 4436
79 200 2776 9722
20 76 157 355
46 49 192 206
62 133 200 964
156 162 194 10420
56 163 1031 4825
157 203 857 1280
8 162 1160 1460
35 157 169 4794
8 176 1421 4571
884 1094 2956 5101 8620
167 208 839 4669
20 24 185 1139
46 173 749 1109
148 157 169 749
173 208 703 3529
81 1031 3826 9649
24 103 192 5125
193 195 1283 4167
157 1280 4939 7609
49 703 2105 2179
33 178 868 1280
82 777 1123 2105
46 204 643 2980
8 194 1043 1540 4258
196 851 929 7024
163 205 836 12126
49 703 765 1123
49 157 160 4830
198 643 871 12784
3 355 929 5168
20 70 167 203
80 88 176 1109
106 882 1236 4968
173 179 745 5071
3 162 1409 5207
179 208 3993 7024
797 1034 1135 2179 3265
3 184 766 5207
155 198 207 12117
185 703 1034 9202
133 797 1460 3142
201 208 882 1951
82 184 1235 7178
24 175 943 5125
179 3908 4651 6205
20 179 2105 3908
24 105 206 4660
17 27 200 1160
103 185 2105 7543
8 133 1109 4512
24 88 192 4717
20 749 1034 5125
82 686 915 12951
643 770 2254 9433
49 206 1660 13210
3 49 3627 5168
3 793 1535 6337
157 1034 2179 9202
173 326 749 5125
24 105 943 1160
1024 2239 2822 5505
193 204 1517 1591
192 836 1109 5125
157 164 185 765
105 988 2823 4510
103 157 199 1383
190 1517 2201 7751
103 192 201 1535
8 170 184 3537
749 1109 4987 7702
5 105 123 206
24 198 797 1908
103 105 1280 1385 4915
24 749 943 1109
82 208 686 12951
3 167 1280 3523
179 703 1236 1280
192 206 915 2773
63 176 1109 2179
192 779 8668 13213
24 179 192 1109
49 174 179 208
157 163 199 11092
28 178 192 5269
192 703 1449 3195
199 208 4106 5125
49 170 926 4965
192 204 920 1031
24 46 3420 5125
8 9 809 2406
749 1280 3523 9202
159 184 1334 2378
199 913 3420 5125
3 35 162 751
170 178 194 11092
24 169 173 1588
157 170 184 1409
103 185 1139 1352
179 183 1280 7543
3 33 185 203
20 185 777 2105
8 643 1109 4794
3 851 1236 2076
3 8 184 1235
27 162 210 751
3 179 986 4651
20 160 185 1034
751 1099 2176 5134
82 703 1449 4665
178 183 1683 4830
46 196 694 9229
163 1325 1639 2485
203 749 868 2707
8 189 770 1445
24 33 35 169
27 35 105 976
63 195 536 1639
103 168 173 884
194 918 1109 2774
15 147 1385 7849
176 194 208 703
208 915 1109 1540
164 179 4651 6205
35 169 1021 1109
135 836 4665 5876
157 185 1236 3908
200 643 988 9433
3 703 929 3523
63 156 162 12117
34 190 736 7627
97 194 643 1713
15 176 703 5876
179 203 206 13210
185 1034 1109 2105
201 925 3908 7155
103 196 2233 3295
63 1209 2839 14249
198 1018 1021 5071
103 185 203 1619
8 35 194 4794
24 49 84 1031
103 157 179 1214
27 173 751 1109
204 1011 2506 9148
63 175 199 499
169 1024 1537 2822
63 205 2431 10366
24 105 943 1259
836 1209 2485 10420
179 203 1278 2263
46 884 3420 5101
24 103 1400 2016
1094 1350 3857 4939 7128
995 1209 2839 9139
70 779 1383 3523
103 192 836 1443
871 1517 4167 8480
135 836 1449 5876
1109 3295 5125 9721
197 836 10420 14249
163 1031 2431 7849
162 797 1109 1908
24 49 175 5125
185 199 777 3523
103 179 205 6378
20 103 203 915
49 189 1123 12570
15 24 1031 5128
133 797 943 1908
103 179 925 1212
1280 2060 9229 13234
106 193 1517 2713
49 192 2179 9202
94 178 210 2485
17 176 988 4510
157 175 195 1639
8 157 1409 5207
20 640 3523 7543
178 1280 2774 9718
20 169 836 1109
164 668 2105 4651
103 836 1109 1385
193 683 897 2757
192 197 200 9702
15 28 49 84
63 176 915 2179
24 194 943 4142
157 915 2105 4924 7543
8 9 422 2254
162 176 194 8394
178 192 206 1130
184 643 871 4613
77 203 208 2625
172 204 1130 9649
33 103 157 203
192 208 2179 5125
942 1067 2905 4968
198 871 1254 7191
1021 1109 1135 3265
3 8 35 1409
20 185 836 5876
8 144 200 644
46 749 1280 2254 3420
24 192 655 1449
105 157 199 1383
185 1034 2105 9202
157 194 197 5301
46 148 686 8028
3 15 126 1280
751 925 1517 2713
3 49 103 678
203 749 2263 9202 13213
185 836 1109 9202
208 703 1034 1109
103 2233 3295 3908 12126
48 162 194 3418
103 164 179 6205
171 194 201 13210
49 103 882 1236
163 196 204 368
16 185 1236 1280
94 210 1560 2485
35 166 405 686
15 836 3295 5125
82 192 205 12126
205 882 942 1236
35 182 643 3555
836 1325 1639 2485
162 4804 9999 10420 14249
68 157 668 3908
192 203 386 642
8 678 1409 4613
179 210 836 1560
203 1034 3523 9202
196 1109 2980 4915
3 355 2105 4651
3 44 159 3537
157 185 640 7543
3 82 201 1236
24 208 918 9718
49 103 925 2105
28 88 797 1460
105 133 183 1160
82 159 871 1409
157 163 205 915
20 751 980 1021
163 194 1209 9139
133 169 194 4510
162 797 943 1109
157 182 1517 3318
163 2173 5086 9190
157 194 1109 2980
24 173 793 5074
63 191 5126 9720
24 28 975 1034
49 171 2254 3523
15 63 208 975
34 107 190 736
106 204 871 1283
105 163 749 10216
94 192 1209 1560
17 133 200 4578
192 749 1109 9202
160 207 4651 6337
6 157 179 777
53 176 200 1160
79 190 198 821
157 183 205 7543
15 88 178 192
163 203 774 1379
47 105 1445 4342
3 8 35 157
203 2254 2707 8677
176 836 1165 1449
82 157 184 2899
79 205 386 2173
749 1109 1908 9721
3 157 179 1226
49 194 703 13210
169 915 1109 3908
15 797 836 1385
46 49 178 8677
27 173 990 3298
24 56 163 655
49 103 915 3420
63 157 1639 5301
183 749 1383 10216
24 162 1031 5134
179 203 777 2105
3 49 92 777
56 162 204 9649
8 169 194 749
193 897 2757 3885
103 157 3523 7543
87 157 185 2105
157 176 4794 9433
76 157 179 355
103 105 179 199
24 169 749 5125
163 836 1109 7849
49 192 749 1449
15 88 178 536
3 49 157 925
56 192 655 1479
179 1280 2105 13210
82 145 190 3326
185 929 1236 4915
20 33 103 179
105 943 4525 8350
891 1031 2173 2752
11 72 157 7474
20 167 203 3523
206 860 1160 3142
103 179 749 1109
162 192 386 4645
142 169 210 1400
56 1031 2173 2845
88 178 199 2485
194 1021 1280 9202
20 148 836 1109
56 192 204 9190
79 386 2173 2752
355 703 2105 2120 2179
24 49 178 536
24 1205 1569 4794
157 185 205 3908
8 162 920 1109
76 195 355 2120
162 1060 2050 2173
33 103 169 1352
134 184 4613 5639
87 179 703 12570
84 162 1517 5426
8 80 105 4510
46 157 3709 5125
105 1540 4420 6223
8 24 169 1109
206 689 1921 5125
20 103 179 749
24 105 179 1109
105 157 915 3298
20 24 105 1205
8 105 189 1588
8 33 157 200
159 173 2774 12951
208 1034 2105 9202
20 49 103 925
6 170 179 2105
172 205 920 9649
148 194 1538 8569
33 105 179 206
8 103 162 3574
88 178 1000 6645
103 185 1021 9202
199 208 884 12907
163 178 5125 8677
3 49 70 3523
157 184 668 7635
15 1538 2980 8677
24 169 1109 1385
24 49 192 2485
1021 1449 1660 5125 8677
157 194 200 643
162 166 871 8683
169 204 1031 3301
157 3420 5125 9202
157 686 956 1109
10 103 159 1099
24 208 536 2179
24 109 163 1325
3 35 169 3537
56 204 2038 2173
173 203 1007 2227
88 133 686 797
103 192 1385 3295 7849
33 35 105 185
748 1540 5126 9720
54 184 205 4968
677 797 920 943
157 205 1123 7543
24 686 1918 8028
148 169 203 1918
162 193 207 4167
15 103 1109 1385 5125
703 1449 3523 5374
3 157 678 1280
185 204 703 2989
84 831 1517 2201
836 1385 1535 4651 7849
88 169 689 4510
27 751 980 4794 6609
3 668 1560 4651
76 179 355 5168
53 88 105 133
8 105 920 943
157 192 1540 2989
157 199 4436 14249
15 49 173 5125
33 35 162 749
46 2254 3709 8677
157 749 1449 3709
179 203 1123 12570
24 53 797 4417
192 1535 2777 12126
49 119 157 1139
200 1160 3142 4794
6 20 157 2105
63 155 1540 12117
63 175 197 499
80 176 194 920
20 163 173 793
3 157 170 1067
20 64 109 793
1152 1713 3537 7976 14816
163 192 209 1139
24 63 839 975
24 103 1280 1385 4915
46 1094 3420 12907
24 163 793 1325
15 167 1445 3705
3 159 167 184
173 203 2105 3420
157 208 2704 5125
169 201 1109 5125
49 164 1560 4651
80 686 1109 4510
157 857 2625 9615
3 201 355 5168
46 173 3420 9229
190 386 2173 2752
145 170 1043 1409
68 103 1109 2233
49 119 179 1139
157 199 857 1383
148 157 689 1109
56 512 2173 2868
3 643 1236 7126
15 105 167 3705
168 703 1280 7543
163 192 836 1379
3 49 103 762
63 961 1537 2239
206 703 770 2980
49 160 164 194
167 200 952 1445
24 1043 3574 10171
1034 1109 2105 9202
176 194 3589 6205
46 204 2980 4915
194 1109 2980 4794 9433
686 1109 2532 12951
194 1109 1280 5125
8 47 105 687
201 2105 9202 13210
94 159 177 990
94 179 205 836
49 103 4013 7543
103 162 751 1560
49 185 1034 2179
20 185 765 2105
157 206 915 2179
24 707 3525 7561
192 203 2105 2179
76 355 2105 4651
20 751 836 2431 6609
20 1535 4109 5134
3 49 157 1226
49 103 2485 5125
749 1043 1569 3579
8 133 200 1569
162 190 200 1626
94 192 836 1560
1 8 639 1150 3071
6 82 201 2105
157 175 199 14249
8 882 2726 5077 9695
82 836 2431 12126
20 1449 5374 10216
82 204 943 1109
105 1540 1569 6223
8 162 3574 7953
33 103 157 3523
24 103 192 1021
24 1000 2485 6645
68 169 836 5071
8 198 643 7191 12784
176 179 1449 2105
192 836 1560 10420
33 103 169 1383
24 103 749 1139
20 76 203 4651
103 196 2233 3908
3 184 871 4968 7191
142 170 851 8472
176 206 797 1908
103 168 1280 7543
3 103 925 3908
836 1109 5125 9202
105 671 920 3425
63 201 208 8839
28 194 1050 2485
15 915 3295 7849 12126
205 957 1216 2136
9 46 686 749
105 943 1109 1259
1 133 943 1908
157 159 9718 11092
46 199 2060 9229
3 179 777 857
84 920 2713 5134
8 176 2823 10021
103 203 703 2105
49 103 749 1139
199 836 2431 4436
169 797 1109 1385
103 169 915 1383
20 28 1004 4830
15 167 176 797
105 159 3922 4660
103 173 3420 9202
192 208 703 9202
15 173 178 1683
20 49 1031 2553
72 157 884 12907
8 88 133 1109
49 185 1034 9202
157 192 836 8312
8 169 686 1259
159 179 208 1109
35 185 836 2822
686 1094 1350 7474
103 156 194 2108
33 35 1043 5207
157 749 3418 9202
199 2956 8620 13234
157 929 2105 7024
162 749 3142 4609
24 88 749 1109
177 194 206 5268
105 1109 1383 2980 5125 8677
192 206 1021 5125
15 46 913 2980
103 1385 3908 7155
836 2485 10420 14249
17 169 832 4510
157 185 3523 9202
24 27 185 2239
58 184 1409 5639
192 910 2747 7474 12907
103 166 1236 1280
15 28 707 1000
15 63 839 4110
171 179 201 13210
157 536 915 2179
88 105 943 1109
46 77 1598 1660
82 162 1517 3326
208 1021 1094 3420
176 194 943 2302
169 173 749 5125
49 157 2105 12576
49 179 201 7543
103 156 2108 9202
24 943 1109 1160
63 198 1533 2830
49 199 3523 13210
103 119 640 793
24 1109 2179 5125
15 24 63 3295
8 157 200 2254
24 167 918 1385
63 836 3295 7849
8 133 988 4510
74 716 821 2050
11 173 196 694
162 749 1043 3574
26 63 191 965
203 668 915 4651
203 668 703 1278
49 103 4040 4651
24 194 1109 5125
20 105 3523 5168
203 205 2105 5876
35 184 1713 7976
8 88 105 797
162 182 193 1283
24 109 1015 1105
135 703 1449 5876
133 194 677 943
148 200 2254 9433
176 187 689 4346
82 185 205 2105
196 1109 1385 3908
46 178 767 2296
177 205 2713 5134
169 199 836 5125
88 157 176 194
20 703 774 3523
176 205 836 5876
173 206 1109 8908
48 185 749 2263
24 920 2122 9649
203 668 915 2105
24 169 204 1588
103 169 749 5125
192 1449 9202 13213
33 179 206 4093
157 170 1280 2105
162 191 1540 12117
103 201 925 2105
6 49 205 2105
10 159 1099 3295
3 49 179 3627
103 203 205 7543
53 88 105 169
94 175 10420 14249
49 185 703 4651
205 2713 5134 8683
184 643 7635 12784
24 68 836 1109
192 204 836 1385
169 176 689 4510
210 1209 1560 2485
24 179 703 3523
3 1409 5214 8000
15 1031 2176 5134
8 1383 1445 3579
33 35 162 189
9 193 195 897
184 643 871 12784
27 1205 4794 10429
9 24 749 836
74 990 1569 2569 4195
167 208 839 1196
24 33 4420 4669
164 703 765 4651
24 105 133 943
194 206 797 2179
8 1043 1152 6296 14816
24 56 209 7570
172 204 205 9649
82 196 929 1236
173 178 3420 9229
166 184 643 2368
24 797 1385 5134
173 208 1094 3420
147 175 993 2234
49 170 857 3523
173 200 203 2422
1043 1152 1713 5639
62 133 189 964
157 162 3295 14249
46 913 1109 2980
103 1280 3420 5125
33 103 179 638
46 49 157 175
6 157 179 2105
175 197 993 1639
184 1409 5207 7976
206 1538 4104 8677
678 703 1246 2105
56 912 1690 2752
92 157 777 857
24 192 836 7849
199 1280 8677 13210
94 179 836 4653
74 163 1015 1639
79 1031 1099 2122
157 179 765 4197
185 1236 2105 3908
63 194 1538 3302
133 169 1109 4794
3 1152 3537 5207
8 88 169 686
103 157 857 3523
8 44 871 3537
793 1139 2485 5074 7789
82 194 204 1109
178 3709 5125 8677
14 24 716 1031
24 179 1021 5071
119 173 749 1325
190 716 2050 2173
157 1043 4794 9433
27 47 1445 1569
157 163 10420 14249
49 103 205 4572
8 47 200 3579
49 210 1209 2485
20 82 157 179
103 1236 1280 3420
157 185 2105 9202
61 177 897 1517
27 2239 3259 4794
157 173 182 2747
192 836 1209 2485
27 63 506 4794
49 1449 3709 4665 6327
20 201 1034 9202
749 1034 2179 9202
157 355 2179 2773
176 797 1043 4794
63 499 993 5301
170 201 1236 1333
35 184 871 5036
8 15 194 920
1 88 133 4609
24 1109 2532 3420
8 169 194 5211
46 83 196 918
157 199 689 1538
20 103 2105 3908
20 1021 1135 5071
157 1034 3523 9202
157 965 2830 3295
157 176 200 1160
76 203 765 986
88 192 797 1460
162 200 1540 12117
3 179 2105 4651
179 192 1021 2179
63 148 1024 10429
24 173 749 3709
63 1024 1537 2822
106 907 1517 2757
27 751 980 1021
24 163 386 2752
74 163 205 5876
49 160 179 4651
82 204 4987 7702
24 208 779 9202 13213
8 24 103 105
173 749 1109 9202
192 506 1687 2239
82 179 2105 2179
33 47 1569 3579
49 179 206 9202
24 119 179 1139
142 168 851 8472
15 28 839 1683
156 198 200 12117
169 204 1109 1588
163 915 1109 2777
191 995 1533 4804
24 194 749 3709
192 197 993 10420
148 157 689 1538
133 169 200 832
63 153 836 1031
205 836 2431 3295
173 199 884 1437
8 148 157 200
64 163 749 793
157 836 2179 9202
103 194 205 4572
15 703 1383 3523 5374
14 24 821 1031 2173
24 194 1109 2179
80 105 1109 8394
15 793 2485 5125
185 678 1280 1422
24 133 1109 4794
88 176 194 2179
190 512 2173 2868
46 170 1660 2656
15 1034 1683 5125
103 910 925 1236
157 851 1109 1280
46 3420 5125 9202
105 189 1445 4342
88 157 176 1109
162 193 205 8683
20 49 195 1226
63 197 1209 2485
46 157 884 7128
24 751 980 1109
20 913 1034 1383
1034 2105 3523 9202
46 159 1021 3420
105 133 169 4510
15 24 105 940
133 686 1588 4510
133 797 860 1160
15 205 915 2485
133 797 1908 3142
3 8 678 5207 7922
24 162 194 920
8 46 157 2254
48 1109 3418 5125
49 167 179 1280
24 49 173 1449
925 1517 2246 6288
49 171 8677 13210
15 28 192 208
46 868 1918 4939 7474
24 33 105 169
157 185 2105 3908
179 668 4040 4651
3 35 82 1940
157 169 749 3579
70 199 1660 3523
33 47 169 3579
192 204 205 9078
49 157 2485 2864
178 749 1538 6214
20 63 153 751
157 170 185 1067
749 1109 3420 9202
61 1517 3326 7751
185 703 1449 2980
162 1560 1639 4804
98 163 1725 5374
208 536 2179 5125
20 88 793 1000
199 203 913 3420
157 168 171 7543
836 2105 3908 4651
192 196 199 9229
15 703 1236 1280
157 195 1639 10420
176 836 2431 4651 6205
27 194 643 9433
169 194 689 5125
46 201 2656 8569
63 208 839 1536
20 638 777 3523
15 81 204 9649
8 162 882 942
1449 1660 2980 13210
35 159 871 1334
194 868 1280 5125
49 103 1280 1383
157 179 925 2891
206 749 943 1160
133 210 1043 4794
24 204 206 4142
20 49 1485 5168
133 194 645 2823
97 194 988 1043
24 159 1109 3420
199 203 326 913
170 201 678 2105
49 179 703 1123
103 156 201 1921
49 156 201 13210
8 82 198 871
185 643 1660 2980
192 1535 2485 6337
157 836 2105 2179
169 207 871 1409
154 836 1549 2239
84 871 1283 4167
48 185 204 2989
33 643 1431 1569
44 49 103 1280
157 199 203 4106
162 200 2173 2752
8 24 97 821
84 190 736 821
20 103 836 4040
88 183 749 1383
82 206 943 1908
148 199 689 5125
5 15 1383 5125
185 2105 3908 4651
3 103 167 179
46 5125 8677 9718 11092
163 203 1449 5125
24 105 133 1588
686 749 1109 1908
106 157 1333 3898
20 24 27 5325
46 770 1538 2302
24 203 2179 9202
109 204 707 1130
24 63 836 2431
103 179 959 6205
204 920 2121 13944
8 169 189 1445
1 162 797 920
157 536 749 5125
20 49 103 179
163 192 836 1687
80 105 943 5295
24 175 194 943
8 176 686 4794
49 167 703 1280
20 205 925 1212
15 151 793 996
163 173 865 1449
20 24 74 836
94 205 2812 4436
20 76 2105 5168
194 1209 3295 9139
150 208 5269 9064
17 27 1043 4280
183 206 943 1160
105 929 1235 1334
3 179 201 3523
16 201 1067 1236
27 133 189 200
48 175 749 5125
24 189 1445 7990
148 169 194 204
15 46 915 1109
148 868 913 5125
15 24 797 1257
20 703 2105 5876
210 751 990 5358
176 192 1165 1449
8 643 1043 1713 4613 5639
836 990 1171 2569
103 157 185 205
203 915 3295 5125
157 173 182 3857
49 103 129 1143
17 27 133 644
749 1109 1540 4794
82 148 201 1109
185 203 3523 9202
24 49 1280 1365
15 49 178 536
33 170 4575 5607
204 770 2980 4987
28 88 206 797
133 173 686 2823
3 179 2105 3908
16 643 770 1660
8 169 1569 4794
46 1109 2980 9202 13210
24 148 1043 4794
63 195 204 8836
1021 1060 5026 9250
68 882 2616 5077
194 499 993 5301
3 184 926 1300
3 20 49 3627
918 1109 1385 2771 3905
49 157 925 2105
103 169 915 3908
24 163 1000 2485
46 185 1021 9202
49 103 1560 4651
157 199 793 4040
15 24 797 5173 8776
15 169 797 1385
15 1109 1280 4915 5125
49 192 703 3420
3 49 793 1383
83 839 4657 5893
166 193 871 8683
15 205 1031 7849
103 192 1385 2431
24 192 1000 5737
167 184 643 7976
179 208 9202 13213
15 103 1280 1385 4915
94 1209 1560 2485
20 203 5168 9615
145 170 1713 3079
157 197 965 9999
15 178 793 5270
163 995 1535 3295
3 20 84 103
49 195 355 2179
208 779 3523 13213
1043 1409 1713 3537
643 797 1109 10021
24 28 793 4830
8 80 4510 8394
133 194 1109 2179
133 169 4510 4578
49 1280 2105 3420
106 175 1236 4968
49 929 2120 5168
33 49 119 167
103 199 203 5125
15 79 103 668
3 49 157 915
103 194 205 4013
49 103 167 1443
24 103 686 5125
208 1168 2422 4106
3 33 103 1350
3 169 1560 4651
3 8 198 4968
8 133 198 200
15 943 1109 2980
63 200 1019 9702
171 194 703 1280
204 839 920 2176
24 183 1479 1725
179 203 1278 3523
20 1034 1123 3523
199 1021 1280 5125
8 169 749 1383
24 204 943 4142
49 207 678 4651
167 184 766 3537
49 703 1246 2105
169 689 988 4510
20 94 836 2822
20 103 703 3523
35 194 1713 4794
49 103 703 3523
8 27 200 9433
163 203 915 3295
8 44 115 6296
868 913 1918 5125
15 63 920 1109
170 678 1280 2105
20 185 749 1139
192 206 536 2773
162 163 995 10420
167 170 1445 1569
20 64 109 1105
3 162 751 1560
24 179 749 1034
15 88 152 1460
49 749 793 5125
179 203 3523 13210
49 189 7543 12570
800 1011 2506 5337
24 56 162 200
24 703 975 1031
138 839 916 1536
8 33 643 1422
49 173 179 2105
915 1034 2179 5270
208 915 1109 2989
192 205 836 4436
8 105 929 1235
177 506 990 2822
185 203 1278 9202
201 1236 2105 4013
175 793 2230 3256
173 749 3420 9202
15 105 167 797
184 201 942 2726
77 157 199 7840
80 176 920 1540
194 749 1540 5125
35 184 2713 7191
205 915 3908 12126
386 821 2050 4645
148 686 749 878
163 192 2431 14249
3 49 207 4651
24 88 173 1109
190 2201 4167 7751
63 195 993 10420
8 148 200 9433
63 194 499 5301
81 162 192 1031
133 156 194 1043
192 205 836 2812
49 157 536 4830
20 163 836 1449
24 49 836 1773
643 1094 1280 2532 3420
194 205 836 2485
15 24 49 173
79 686 1060 1254
183 185 203 3523
192 1319 1362 1645
157 169 1569 3579
77 1021 1280 5125
208 797 2179 3265
184 766 2717 6296
24 88 133 797
203 836 1379 1449
206 1109 2980 5125 8677
33 157 179 1226
157 179 749 836
62 97 821 964
185 201 836 969
8 176 686 797
49 194 703 1280
199 206 1109 1538
178 1383 1445 4660
133 200 686 988
20 103 2105 4651
35 103 105 157
192 208 3420 5101
8 749 1109 10021
84 1283 1517 3981 4167
125 797 1257 3022 8776
103 169 192 5125
74 749 836 1639
203 208 915 2179
33 103 167 1383
20 793 836 1639 2485
163 836 1449 2485 3709
175 1280 1660 8677
103 1280 2105 3420
82 184 643 1236
20 24 749 1383
105 703 1123 3523
142 749 868 4161
8 24 105 1569
168 703 1123 12570
84 821 2173 5337 9148
82 844 871 1940
84 182 1517 3981
851 929 1236 7024
28 63 836 1687
79 162 1031 2122
49 170 178 8677
206 749 2254 4104
8 133 169 1109
46 185 703 9202
94 1209 1560 10420
82 157 1540 2825
20 27 173 1109
793 1015 1209 2230 3256
194 204 920 943
24 35 686 4794
103 205 925 2105
15 171 194 1538
197 836 4436 14249
15 103 703 1280
2 49 84 205
1535 1560 2485 6337 10420
105 169 1109 4510
8 105 749 3579
204 205 1927 5134
34 736 1060 7627
190 205 2050 2173
24 63 203 975
46 201 2105 13210
114 851 882 1333
162 196 205 7849
82 163 205 586
74 716 1031 2136
8 35 157 4794
157 865 1123 2105
15 707 1130 9649
46 185 199 1021
49 205 836 4665
204 205 1130 9649
88 133 169 1588
74 386 2136 2173
105 133 169 1569
29 163 196 2233
20 207 703 7539
20 76 703 836
3 103 179 3908
15 167 943 2707
145 1517 1591 1626
24 797 1109 2179
24 179 1109 7903
173 203 3420 5125
183 655 749 1018
3 157 844 1940
24 173 2016 3420
175 839 920 2176
170 926 2105 3523
797 1043 5206 7921
20 209 2535 5374
49 836 1139 1325
20 24 173 1034
46 185 206 1021
27 751 976 980 2556
8 33 687 1569
76 157 1891 2105
159 197 2431 4436
46 1437 2956 13234
204 205 1031 9199
49 536 915 2105 2179
119 179 925 1269
88 157 208 1918
3 179 195 355
24 209 836 3265
27 169 173 1109
8 166 3537 6296
105 185 1660 3469
8 46 868 2406
173 179 1449 9202
48 80 703 1109
20 98 566 5374
200 1540 2776 9722
35 2713 7191 12784
8 199 1109 5125
24 49 1443 1773
163 1109 2431 7849
8 1094 2956 7128
1385 1535 4109 6205 13580
1109 1280 5125 9202
44 204 871 5036
63 197 1209 14249
133 206 749 3142
185 203 1034 3523
20 703 836 4665
6 20 49 2105
20 1024 1537 2822
27 105 169 1021
185 204 4987 7702
63 210 836 1209
836 2485 3295 5125
173 203 839 4106
74 192 200 8848
49 915 2105 3420
173 203 914 4106
169 836 1109 3908
164 179 355 4651
15 24 88 1383
3 49 2105 4651
8 148 194 1540
63 194 1050 2485
8 686 749 2394
63 191 1540 2776
20 88 1034 5125
183 203 386 1031
20 173 1109 9202
8 157 1569 2254
194 995 1209 9139
33 105 1445 3579
49 185 2105 5168
11 46 884 3420
46 1918 3420 7474
33 35 169 3574
170 194 770 918
3 49 92 157
79 386 1031 2752
20 27 173 990
49 170 179 2105
20 49 179 4436
24 123 1021 5071
49 205 4013 7543
133 749 1109 4794
147 162 175 3295
184 643 3860 7635
20 49 167 1443
185 703 1449 9202
20 179 1319 4651
643 770 1280 1660
3 1152 3537 7976
103 836 2105 4651
163 209 1015 1325
205 1687 2233 7849
203 749 1449 5125
206 797 1109 2302 2980
106 882 929 2130
192 821 1254 6106
3 6 20 1226
8 33 749 1043
206 1660 2980 8677
24 49 173 996
8 35 643 1569
185 836 2239 5876 14189
201 1449 8668 13213
8 35 194 988
74 386 821 2173
15 48 176 208
103 703 2105 4013
194 2980 8677 11092
3 49 167 195
192 1109 1449 2989
170 204 2980 4915
162 179 2431 6205
79 162 2050 2173
15 163 178 1031
1535 2431 4109 6205 13580
3 82 169 1334
24 169 686 797
192 1449 2105 5876
68 114 201 9695
162 192 1031 1254
3 8 162 166
62 133 200 832
103 203 1099 1383
201 1449 2980 13210
8 46 686 749 2254
103 199 203 3523
162 1031 2122 9199
103 162 194 995
163 192 2431 3643
88 105 204 1109
24 1021 1918 3420
192 836 1325 2485
3 103 105 3523
203 1034 2179 9202
24 147 1385 7849
63 157 915 1540
192 209 655 1449
200 957 1216 2136
103 157 205 6378
20 205 1209 9999
3 179 925 1269
103 640 4001 7543
162 176 192 6205
49 103 185 7543
83 196 918 2296
49 87 185 2105
103 147 192 3589
157 179 192 4436
106 201 2726 4968
3 857 929 2625 3523
8 80 920 1109
1094 1280 3420 4939 7474
179 777 933 1226
1021 1280 1660 2494
33 749 2254 2707
191 204 920 2176
24 105 133 179
27 133 988 1569
160 536 2179 4830
20 179 703 2120
199 206 1278 9202
105 148 1445 1569
194 1280 1660 11092
15 46 173 1449
3 35 157 3908
24 49 103 167
173 877 1109 5071
201 1034 1109 9202
3 49 925 2105
24 183 206 3523
198 1018 1329 5071
917 1034 2120 5268 9059
64 157 162 12385
159 1236 3860 7635
15 88 194 2707
82 208 2105 12951
35 182 643 2394
8 17 62 200
5 15 797 1257
20 64 1325 5074
49 185 3523 13210
199 884 3857 12907
15 24 797 7849
194 703 2179 9202
20 82 1449 2105
20 49 157 9615
15 105 169 1385
159 186 871 2609
103 157 5125 9202
49 208 779 13213
15 163 793 2485
195 961 1549 2239
84 162 1517 3981
3 8 33 167
179 765 1319 1443
194 913 1538 8677
24 105 1034 1383
199 793 2485 4040
33 103 749 1383
3 82 844 926
16 49 173 185
197 205 836 14249
156 200 832 988
49 157 836 2864
79 821 1060 1254
49 167 1280 3523
686 1094 3857 12907
27 144 644 1432
9 24 98 836
20 105 179 1286
194 1660 2980 10984
192 836 2179 9202
133 208 686 10021
79 188 1060 2050
87 172 201 2105
24 126 868 5026
103 119 185 1352
49 179 668 4040
194 1109 2980 9826 10984
79 162 912 2050
184 207 5036 8492
84 1060 1254 3718
24 506 797 1031 1687
82 205 586 836
174 177 2776 12117
15 49 178 793
157 178 793 6337
20 179 1319 1443
77 203 208 7840
643 1021 1280 1660
163 173 178 326
173 179 749 9202
8 913 1109 2980
8 157 1540 4794
103 868 913 5125
159 179 1286 15238
163 205 836 1031
105 179 206 8350
194 2108 9202 13210
24 203 208 9202
15 63 194 2485
103 196 3295 3908 12126
1043 1713 4794 9433
199 209 1449 13462
49 2105 7543 12576
20 1109 1135 5071
793 1000 2485 6645
173 208 694 2060
163 192 2173 9190
88 208 1918 5125
163 204 918 7849
170 206 1538 8677
157 171 206 3523
84 175 205 1099
49 170 729 1236
3 882 1236 1333
8 1094 2956 4753 9504
162 194 1533 10420
355 915 2105 2179 2773
157 168 1280 3420
49 171 774 2105
157 857 1280 1383
15 176 208 2179
133 156 1109 4510
8 133 157 749
49 199 2179 2864
82 157 1109 12951
49 164 7543 12576
20 157 185 4830
194 199 203 208
82 157 1334 7178
103 203 1280 2105
63 177 192 990
208 1094 3420 12907
157 175 208 536
197 836 1209 2485
54 184 942 2726
194 206 1109 1538
42 190 198 1460
88 173 749 1918
24 27 133 1569
3 703 925 1236
133 194 832 1043
157 203 1535 3295
643 1236 1280 7024
173 201 915 1109
156 171 179 13210
106 201 925 4968
20 157 160 4040
27 836 1021 1109
179 749 1109 2179
11 157 184 4968
20 915 1099 5125
35 162 184 3537
192 836 915 2485
88 169 175 749
157 173 182 12907
20 76 355 836
103 203 205 2105
179 703 2105 2292
24 163 1325 3709
8 686 1109 4510
192 1109 3420 9202
168 201 2105 3420
133 173 686 10021
148 194 209 1449
157 668 915 2105
157 163 199 329
198 1254 2173 13944
15 167 169 1385
133 200 832 3076
179 203 749 836
163 1530 1660 4096
167 193 839 12130
20 123 1109 1135
8 201 1236 4968
23 191 685 9720
88 677 797 1458
685 1540 2776 9720
35 836 2239 2822
33 103 105 3523
157 208 956 1109
15 28 536 5270
35 169 836 1021
105 148 749 1109 3579
191 208 685 5126
35 646 1940 5036
63 196 2839 3295
103 119 179 205
157 169 199 5125
24 79 1031 2136
185 201 1280 2105
47 157 1383 2309
185 206 3372 7702
15 24 88 940
35 82 157 1334
105 133 797 943
103 205 4436 6207
191 208 1540 5126
24 178 1015 1325
176 208 797 3265
193 204 2713 3981
157 179 355 2105
81 175 1031 5182
103 157 910 2747
169 745 1329 5071
836 1449 2105 3199
24 88 105 204
195 202 2822 5505
33 49 103 1383
20 203 1449 3523
49 703 1034 5168
35 157 176 1109
47 169 189 1569
63 915 1109 5125
103 178 207 1535
169 210 1445 1569
56 162 204 1031
179 183 1278 2263
203 668 2105 7225
208 2105 3523 12570
46 49 201 3420
94 179 199 2812
167 1536 7846 12130
24 46 749 5125
24 173 179 1325
164 640 765 1560
82 177 2431 2822
1018 1687 2233 5134 7849
49 103 179 678
46 918 1109 9718
63 191 839 2776
15 63 208 839
3 157 179 1560
157 194 2431 10420
11 157 1236 1280
46 173 1109 3420
49 167 703 3523
74 157 179 205
27 35 70 169
15 172 920 3826
34 192 736 7627
156 201 8668 13213
176 191 1540 9720
20 163 1139 9322
162 210 751 4794
208 868 913 1918
24 192 703 975
106 186 1517 2757
49 103 2105 3523
173 185 208 2105
53 208 707 2124
63 205 1031 7849
1123 2105 3523 12570
3 103 166 7635
63 178 194 536
157 203 836 5125
77 208 1383 2625
24 749 793 5074
92 192 655 836
49 749 836 1449
63 200 1019 1534
20 49 355 2105
793 1683 2422 10369
15 996 1034 2482
15 24 797 1109
133 198 797 1908
199 1094 3420 5101
8 9 422 2406
159 876 2682 3295
63 194 3295 5331
33 157 640 986
24 88 943 1908
103 179 1109 9202
194 204 205 920
836 915 2485 3295
199 208 3922 7150
63 192 1109 12126
64 88 749 793
20 703 836 1379
49 94 185 836
20 109 119 173
192 208 355 2179
201 1109 2233 3295
175 194 920 943
3 76 157 2105
106 162 882 4968
81 205 1031 5182
162 751 1385 13580
53 88 105 943
173 209 1094 2060
46 77 203 3420
63 153 205 2431
24 686 1109 1385
157 185 1034 9202
165 193 1283 1517
3 49 103 129
46 173 206 1109
147 797 2431 7849
163 176 915 1109
35 82 157 1071
8 678 915 7024
15 173 178 793
20 201 1286 7543
703 1280 3523 7543
88 797 943 1109
3 103 207 793
79 920 1099 2176
173 178 694 2060
163 1018 1099 1109
192 836 1449 5876
24 192 208 1608
171 183 2254 3523
8 200 749 1569
49 703 1280 3420
133 749 1160 3142
194 205 1031 1608
179 203 703 7543
49 173 694 9229
24 56 821 4825
24 194 2707 5125
49 749 836 9202
1257 1385 5173 8776
185 203 3420 12907
77 203 913 1280
15 88 194 1109
8 194 643 2980
164 765 2105 7543
192 836 2431 7849
33 119 179 1226
106 175 201 1236
103 194 1535 3908
134 1152 1409 4613
84 177 920 2713
103 194 4040 4651
79 162 995 3295
24 206 943 2122
3 6 157 925
33 35 103 3574
199 686 3857 12907
46 178 749 3709
793 1002 2485 4830
175 208 929 2130
105 157 1160 1569
193 839 1536 7846
17 133 832 2823
119 157 925 1269
82 170 2105 4965
5 125 1257 3022 8776
147 175 194 10420
49 103 157 3523
20 63 82 148
192 910 2747 3420
163 749 1325 1449
88 943 1109 5125
189 868 1021 1280
204 707 2122 2176
29 1449 1725 5374
162 204 1031 9106
3 47 1383 2309
15 63 975 1031
63 839 975 1034
46 749 1109 2016
49 185 857 3523
179 203 207 4651
82 925 4968 7635
793 1325 10273 15415
103 198 1018 2233
63 204 1109 2179
133 179 1109 2179
49 913 3420 5125
82 204 1107 3302
20 179 355 2105
15 63 208 4110
103 203 857 8331
208 686 915 1540
173 203 2422 2808
163 176 836 7849
174 203 668 7225
63 78 919 1607
173 199 3420 9250
133 169 749 1043
17 144 200 3076
20 195 1024 1537
15 24 79 868
3 8 145 5207
24 162 920 1031
209 305 1021 5071
49 87 157 1236
179 797 1109 3142
1 8 24 2122
3 179 777 7539
20 179 1286 3908
193 204 1289 4167
836 3295 10420 14249
24 206 1034 1109
192 655 836 1139
79 707 943 2122 2707
49 103 183 1139
3 103 166 1236
28 707 839 3202
24 119 655 1325
103 166 1236 3860
46 326 868 1918 2707
82 162 1517 2757
3 179 751 3908
24 179 2179 9202
49 171 774 10216
8 148 194 5125
15 103 1236 1280
1333 4968 7155 7623 12848
178 793 1683 5125
3 201 643 7126
20 163 183 5374
20 119 179 1325
46 77 1530 1598
133 206 797 1908
157 162 3574 7953
198 821 1254 2173
25 771 5207 7922
3 844 926 1300
133 173 686 4794
24 74 173 1325
103 105 1109 3523 9202
103 179 192 836
179 205 4653 6207
24 192 1109 1449
173 210 751 6609
194 1043 1160 9433
188 192 386 2173
103 167 703 1443
8 24 749 4420
84 204 2713 3981
3 184 201 3860
24 836 3295 5125
157 202 1639 3574
48 148 175 1540
25 678 771 7922
8 105 1569 3579
46 163 199 9718
24 28 839 1031 2176
24 194 770 4104
82 208 929 7024
8 200 1160 2302
3 925 2246 6288
49 103 703 1280
35 167 643 871
94 1533 2839 4436
88 793 2485 6645
64 88 793 1639
175 194 208 5125
5 24 797 1109
103 192 196 5101
3 167 195 8492
79 191 920 1540
15 1099 2176 5134
157 206 749 3142
88 173 203 749
20 119 793 1325
103 185 749 1139
144 171 200 3076
24 836 1109 7849
82 194 208 703
156 197 503 5301
167 1536 4110 7846
11 157 3420 7474
157 749 1160 2254
46 206 3142 4609
103 157 185 3523
105 918 1280 3922 4915
199 1109 2980 9718 11092
24 192 1139 1325
157 168 171 183
20 703 4665 5876
63 79 839 1540
103 119 167 179
49 103 205 2105
157 643 2532 7024 12951
105 183 749 1160
15 536 2179 5270
11 46 173 1094
103 156 169 201
62 133 194 964
170 1409 3079 11621
35 1409 5207 7976
157 1280 2625 3523
162 920 1031 3295
192 797 920 1908
79 203 2173 14622
162 204 2173 9078
24 206 707 4660
166 195 733 8492
105 157 2105 3908
157 163 2485 14249
24 105 797 943
28 178 707 839
94 205 836 14249
1162 2823 4420 10021
103 157 203 857
159 166 643 3860
205 703 836 4665
105 176 988 4510
169 749 868 5211
70 103 203 868
204 206 1107 3302
103 179 1443 4651
192 210 1209 1560
46 173 749 9202
49 168 173 884
24 422 749 770 809 2254 2394 2406
8 1109 1540 4794
192 836 915 3908
46 1109 2980 7024 12951
199 751 1209 9999
868 2956 4939 7128
82 1171 2431 2569
8 850 929 1334
63 148 204 836
170 179 1280 2105
49 640 774 7543
157 192 884 12907
166 204 1517 5036
33 169 1043 7953
3 35 169 1334
119 173 179 1325
103 157 173 884
17 200 2823 4578
15 24 839 5134
8 46 4915 7026
49 157 536 2485
103 185 3420 9229
198 1067 4968 7191
194 993 3295 10420
175 194 499 5301
163 1660 8677 11092
173 1109 7450 12951
175 943 5125 8677
3 8 82 1235
157 197 4436 9999
77 173 199 5125
56 205 1031 4825
103 196 2060 3420
184 198 871 12784
15 194 1109 2179
749 851 1109 1280
63 79 194 2839
15 194 536 5270
46 2108 3420 12955
48 173 749 5125
133 1043 1160 4794
46 157 173 12907
8 105 201 851
82 686 956 1109
159 871 934 8492
84 751 925 1517
3 929 3523 5168
184 186 1409 8492
8 54 201 882
46 49 178 2254
24 49 1560 2485
163 205 2431 7849
82 159 201 1334
157 678 1246 2105
63 3295 10420 14249
147 175 993 1594
46 157 168 3420
27 80 988 1588 4510
176 179 2179 3265
103 168 179 7543
179 208 1034 2179
20 24 173 1449
103 192 749 5125
8 105 2823 4510
199 2747 7128 12907
133 169 176 686
8 194 770 943
24 206 4987 7702
8 82 915 7024
3 8 643 1334
169 176 1043 1569
176 1162 4794 10021
157 163 2485 5125
24 1139 1479 9322
8 133 176 988
82 915 943 1109
49 1123 2105 7543
193 195 1517 2757
179 1021 2425 5071
74 774 1379 5876
163 204 205 836
185 703 975 1031
3 157 678 4613
82 185 1449 4665
24 203 1278 9202
94 990 2431 2822
24 98 163 1725
84 162 1517 9779
35 157 192 205
24 56 386 821
103 749 1352 9316
15 703 707 1383 2553 3523
88 157 169 4512
46 49 206 5125
173 179 2016 3420
198 201 2726 4968
33 157 1043 1431
63 506 2431 4794
15 24 105 1109
15 167 176 193
918 1109 3420 7450 9718
20 49 94 157
184 926 1300 5046
35 162 723 1038
20 119 157 640
63 192 199 14249
1 24 707 943
3 159 184 2378
20 49 103 4438
8 105 169 4512
46 49 178 9229
165 204 1517 2713
157 196 995 3295
24 821 1031 2136 2173
178 192 199 9229
157 175 199 5125
157 185 836 3199
74 162 183 2173
20 176 703 1449
162 190 897 1517
797 836 2431 7849
749 1278 2263 3523
179 2105 2179 9202
3 751 925 1517
82 208 1109 12951
103 157 203 2747
63 157 5125 9721
170 770 1383 4660
3 35 871 5036
162 190 736 1060
20 76 703 2105
8 142 156 8472
24 103 159 179
3 49 1280 4868
3 170 777 3523
79 200 386 2136
192 205 1031 7849
176 192 915 3908
103 105 179 1021
157 749 1041 3579
185 729 1280 1422
94 192 1000 2485
23 942 1108 1909
24 770 2707 5125 8677
1094 1280 2956 4939
1109 1280 3420 9718
24 836 1479 9322
915 1109 3908 12126
103 157 183 205
157 1280 2105 9202
169 749 1043 1569
63 77 199 5125
15 915 920 2777 7849 12126
46 1280 8677 11092
163 173 915 1109
157 926 1891 2105
49 103 678 2105
184 186 207 8492
49 173 729 925
163 194 995 1535
24 103 179 3523
20 68 179 4651
11 173 3420 5101
33 167 1280 1383
192 208 3420 9202
103 203 1278 5125
8 157 678 771
24 836 1139 9322
3 103 203 1383
168 179 2105 12570
1 8 133 198
170 770 4104 8677
163 1687 5134 7849
24 88 173 793
49 179 703 13210
153 205 751 2176
8 105 749 1160
1 198 1908 4170
8 156 1280 1512