27 27 -1 6 13 13 13 -155 -43 34 34 -15 -8 34 34 -71 6 6 13 13 20 -1 27 13 -15 -15 27 13 -50 -50 6 13 13 -1 -1 -64 13 -1 6 6 -43 34 34 20 20 -8 -8 34 34 20 20 -148 13 13 20 6
-38 46 -66 -199 46 46 46 -31 -59 46 46 53 25 -10 -10 -87 53 53 25 25 -10 46 -31 -38 46 46 53 46 -45 -45 -66 53 53 46 46 -45 -52 46 -10 -10 -31 -52 -52 46 46 -10 53 -3 -3 -10 -10 -206 53 53 -3 -10
50 -20 -6 -6 78 64 57 -34 -34 -55 36 1 1 85 71 -230 -6 -55 -6 -55 64 -104 50 50 -6 -20 -20 -20 -111 -125 -6 78 64 78 64 -132 57 57 1 -13 -34 -55 36 -55 36 -20 1 85 71 85 71 -230 -6 -55 64 64
36 50 22 -167 57 57 43 -90 -69 50 50 29 -55 29 29 -83 36 36 -48 -48 36 -13 -6 36 -6 -6 8 50 -62 -62 22 15 15 57 57 -160 1 43 -34 -34 -90 8 8 50 50 -27 29 -13 -13 29 29 -83 36 36 -6 36
48 -29 -106 -106 48 41 41 69 69 -162 -64 -8 -8 41 34 -106 69 62 69 62 -64 -57 76 76 -15 -22 -1 -1 -57 -64 -99 76 69 76 69 -22 69 69 -22 -29 -29 6 -1 6 -1 -127 -211 69 62 69 62 -29 -29 -36 -1 -1
-2 19 40 33 -9 19 -23 33 26 -86 -163 54 47 -30 -2 -37 26 54 19 47 -65 19 40 33 -9 19 -184 -86 12 5 -65 33 26 26 19 12 54 47 -30 -2 -37 26 54 19 47 -65 -51 47 40 40 33 -9 -44 -156 47 40
27 41 13 -78 41 41 55 -113 -99 55 55 41 -50 34 34 -113 41 41 -50 -50 34 -15 -8 27 -15 -15 6 41 -71 -71 13 6 6 41 41 -71 20 55 -22 -22 -113 20 20 55 55 -22 41 -1 -1 34 34 -183 41 41 -1 34
-22 6 76 69 6 -15 -22 27 20 -78 -204 76 69 6 -15 -92 55 34 48 27 -71 6 76 69 6 -15 -211 -113 -71 13 -43 -1 83 -8 76 13 76 69 6 -15 -92 55 34 48 27 -71 -43 -1 83 -8 76 13 -64 -190 62 55
48 -29 -92 -190 34 34 27 69 76 -50 -50 -8 -1 13 13 -64 55 55 62 62 -64 -162 90 97 6 6 13 20 -71 -71 -43 76 76 83 83 -8 69 76 -15 -15 -197 27 27 34 34 -197 -64 55 55 62 62 -29 -106 -106 13 20
88 -24 -52 -157 81 74 88 60 60 -157 -59 -157 -52 81 74 -80 53 46 53 46 -66 -199 88 88 11 4 -24 -24 -101 -108 -52 81 74 81 74 -3 88 88 11 4 -45 -17 -24 -17 -24 -136 -52 81 74 81 74 -3 -52 -59 -31 -31
12 19 33 -170 61 61 12 26 -72 54 54 33 -65 61 61 -51 -30 -30 -23 -23 -23 -170 -51 12 12 12 -44 19 19 19 33 33 33 61 61 -65 -51 12 12 12 26 26 26 54 54 -72 33 33 33 61 61 -170 -30 -30 -51 -23
-26 23 -26 -173 30 23 44 -26 -47 51 44 44 2 -5 -12 -47 51 44 9 2 -5 44 -26 -26 51 44 44 23 -40 -47 -26 51 44 30 23 -40 -61 44 16 9 -26 -159 -61 51 44 16 44 16 9 -5 -12 -180 51 44 16 -5
-11 73 -25 -88 73 73 87 -221 -74 87 87 73 -95 31 31 -88 73 73 -95 -95 31 3 -60 -18 3 3 24 66 -88 -88 -32 24 24 66 66 -88 38 80 -39 -39 -123 38 38 80 80 -39 66 -18 -18 24 24 -235 66 66 -18 24
32 -87 -45 -24 32 32 32 53 39 -150 -45 -45 -24 32 32 -3 53 53 39 39 -45 11 53 39 -10 -10 -171 -45 11 11 -3 53 53 39 39 -10 53 39 -10 -10 -45 11 11 -3 -3 -87 -3 53 53 39 39 -10 -45 -150 11 -3
109 -150 25 25 116 95 102 -178 -73 53 32 18 18 109 88 -157 -31 -52 -31 -52 -66 -66 109 109 -220 -31 -150 -255 -59 -80 25 116 95 116 95 -24 102 102 -122 -38 -73 53 32 53 32 -87 18 109 88 109 88 -31 -31 -52 -66 -66
53 -87 -122 -220 46 60 -66 109 116 -38 -24 -31 -24 -73 -59 -59 102 116 109 123 -31 32 102 109 -80 -171 -38 -31 25 39 -66 95 109 102 116 -73 88 95 -59 -45 -150 11 25 18 32 -157 -80 81 95 88 102 -52 -157 -248 18 25
6 -71 6 -78 55 48 20 -64 13 6 -1 20 -169 69 62 13 6 -1 62 55 -57 -22 -1 -29 69 62 -22 -106 27 20 -29 69 62 20 13 -99 13 -15 83 76 6 -211 -113 76 69 -43 -15 83 76 34 27 -190 76 69 -43 -92
-8 -8 -57 -155 -57 -15 -8 48 55 48 -120 48 55 48 -15 6 -1 41 6 48 41 -8 48 55 48 -15 48 55 48 -120 6 -1 41 6 48 41 -57 -155 -57 -15 6 -1 41 6 48 41 6 -1 41 6 48 41 -78 -36 -148 -36
80 73 66 -200 38 38 10 -207 -53 80 80 -4 -60 73 73 -67 66 66 -95 -95 38 -4 24 73 -39 -39 17 66 -81 -81 59 -18 -18 31 31 -116 -46 3 -4 -4 -109 24 24 73 73 -39 -11 17 17 66 66 -186 59 59 -18 31
-10 -14 -4 -4 -10 -10 6 16 16 -5 -5 -18 -18 6 6 -11 16 16 16 16 -5 4 14 14 -7 -7 -5 -5 4 4 -13 14 14 14 14 -7 15 15 -11 -11 -38 4 4 4 4 -22 -12 15 15 15 15 -26 -23 -23 4 4
39 -45 -17 -185 32 46 46 39 11 -17 -3 -10 -73 39 53 -45 32 46 4 18 -10 53 46 39 -45 -136 -3 -45 46 60 -17 39 53 32 46 -38 -52 46 -3 11 39 -10 4 -17 -3 -87 -10 -59 -150 39 53 4 32 46 -3 -10
31 38 17 -67 38 38 59 -207 -81 59 59 45 -39 31 31 -95 45 45 -39 -39 31 -11 3 24 -11 -11 10 31 -74 -74 10 10 10 31 31 -74 31 52 -18 -18 -109 31 31 52 52 -18 38 3 3 24 24 -186 38 38 3 24
57 -20 43 -153 50 -27 8 71 85 -27 1 -146 8 1 -111 71 64 -48 78 1 -6 50 8 22 -90 43 36 -55 43 -34 8 1 29 15 -62 36 64 78 -34 -6 -209 -111 57 -97 71 -41 64 57 -55 71 -6 -13 -111 57 50 64
48 -57 27 -64 48 34 13 62 6 -43 69 -8 -204 13 -1 -15 62 -57 6 -8 69 55 -1 48 -106 -99 34 -57 55 41 27 -1 -15 48 34 -99 69 13 -36 76 62 -197 20 -43 69 -85 -8 69 -155 13 -1 76 62 -57 20 69
36 43 -55 -153 15 15 -34 8 15 43 43 15 22 50 50 -76 -13 -13 -6 -6 1 -153 29 36 29 29 36 43 36 36 -55 8 8 15 15 -13 -41 -34 -41 -41 8 36 36 43 43 -90 15 43 43 50 50 -188 -13 -13 -6 1
62 20 6 -197 62 62 69 55 -43 6 6 -92 -85 69 69 -99 55 55 -43 -43 6 -57 34 62 -15 -15 -8 20 -57 -162 6 34 34 62 62 -15 41 69 -8 -8 55 -162 -57 6 6 -106 -92 41 41 69 69 -8 55 55 -57 6
34 -22 -127 -22 41 41 34 34 34 -43 -43 -22 -127 41 41 -22 41 41 41 41 -36 -57 48 48 6 6 -8 -8 -155 -50 -8 55 55 55 55 13 48 48 6 6 -57 6 6 6 6 -176 -8 55 55 55 55 13 -50 -155 13 13
-6 -22 -4 -25 5 5 -8 -10 4 14 14 -6 -12 3 3 6 16 16 15 15 -23 -7 -9 5 15 15 -5 -11 4 4 7 17 17 16 16 -37 -11 3 13 13 -14 -4 -4 -5 -5 -13 5 15 15 14 14 -24 -18 -18 -11 -12
60 -31 -3 4 81 74 60 -38 -31 -59 39 -3 4 81 74 -129 -17 -59 -10 -157 60 -115 53 60 -3 -10 -38 -31 -129 -136 -3 74 67 81 74 -129 53 60 -3 -10 -38 -66 32 -59 39 -24 -3 74 67 81 74 -129 -17 -59 53 60
74 -38 -129 -227 74 81 -115 109 116 -3 4 -3 4 -115 -213 -87 109 116 116 123 4 53 67 74 -80 -73 -45 -38 53 60 -129 67 74 74 81 -73 88 95 -24 -17 -101 -10 -3 -3 4 -255 -108 88 95 95 102 -17 -101 -94 -3 4
11 -10 -3 -3 11 25 -24 18 18 -24 11 -3 -3 -24 -115 4 18 32 18 32 11 11 -3 -3 -10 25 -3 -3 11 25 -52 -3 -24 -3 -24 25 18 18 -24 11 4 -3 32 -3 32 -115 4 18 32 18 32 11 4 -122 32 32
39 53 -52 -52 39 39 -45 -10 -10 46 46 4 4 60 60 -206 -10 -10 -10 -10 25 -31 39 39 -45 -45 53 53 -66 -66 -52 39 39 39 39 -101 -45 -45 -24 -24 -10 46 46 46 46 -59 4 60 60 60 60 -185 -10 -10 25 25
-176 -127 -22 -22 20 13 -78 27 27 69 62 -29 -29 13 6 20 83 76 83 76 -92 -78 27 27 69 62 -29 -29 13 6 20 83 76 83 76 -92 20 20 62 55 -71 -8 -15 -8 -15 -78 13 76 69 76 69 -99 -225 -127 -64 -64
10 -130 -67 -18 10 -18 3 66 80 -123 80 -74 -25 3 -25 38 66 38 80 -74 80 17 80 94 -214 94 -165 -11 17 -11 52 80 52 94 -60 94 73 87 -116 87 -60 -53 -60 -39 -67 -39 45 73 45 87 -67 87 -60 -109 -60 -67
86 -138 -117 -117 86 86 -103 128 128 -19 -19 -96 -96 -103 -103 -96 128 128 128 128 -19 86 86 86 -96 -96 -117 -117 86 86 -138 86 86 86 86 -96 128 128 -19 -19 -103 -19 -19 -19 -19 -306 -96 128 128 128 128 -19 -103 -103 -19 -19
27 -8 -15 -15 27 20 -1 27 27 -57 -43 -8 -8 -1 -8 -15 27 20 27 20 -43 27 20 20 6 20 -50 -50 27 20 -162 20 13 20 13 20 27 27 -22 -8 20 6 20 6 20 -169 -50 27 20 27 20 -8 20 13 20 20
55 -22 -85 -183 41 34 34 76 83 -148 -50 -1 6 20 13 -57 62 55 69 62 -64 -162 90 97 6 -1 13 20 -71 -78 -43 76 69 83 76 -15 69 76 -15 -22 -197 27 20 34 27 -99 -64 55 48 62 55 -36 -106 -113 6 13
2 2 37 -166 93 93 -12 23 -75 79 79 23 -75 79 79 -40 -96 -96 16 16 -61 -194 -54 -12 37 37 -54 -12 37 37 23 72 72 79 79 -208 -68 -26 23 23 9 58 58 65 65 -117 9 58 58 65 65 -117 -5 -5 -82 -75
50 -34 22 22 50 36 -41 50 50 -188 29 -34 -34 -41 -160 22 50 36 50 36 29 43 -6 -6 1 8 15 15 43 29 -174 -6 -55 -6 -55 8 43 43 -90 22 -6 1 8 1 8 -20 15 43 29 43 29 22 -6 -55 8 8
32 -52 -24 -192 32 39 46 39 11 -10 -3 -10 -73 46 53 -45 39 46 11 18 -3 46 39 32 -45 -38 -10 -52 46 53 -24 39 46 32 39 -38 -52 46 4 11 39 -3 4 -10 -3 -185 -10 -52 -150 46 53 11 39 46 4 -3
46 -94 -129 -227 46 53 -66 109 116 -31 -24 -31 -24 -66 -59 -59 109 116 116 123 -24 25 95 102 -80 -73 -45 -38 25 32 -73 95 102 102 109 -73 88 95 -52 -45 -150 18 25 25 32 -255 -80 88 95 95 102 -45 -150 -248 25 32
23 -82 -12 -12 23 16 9 79 79 -26 -33 -131 -131 9 2 -82 79 72 79 72 -33 23 72 72 -173 -75 -12 -12 23 16 -89 72 65 72 65 -75 79 79 -26 -33 -103 23 16 23 16 -124 -82 79 72 79 72 -33 -103 -110 16 16
0 1 10 -16 16 14 1 10 -16 16 14 11 -15 17 15 -21 -19 -6 -15 -17 0 -36 -12 0 -1 -3 -11 1 0 -2 10 9 7 16 14 -17 -11 1 0 -2 10 9 7 16 14 -17 11 10 8 17 15 -31 -19 -6 -7 0
11 -20 -5 -18 11 11 11 8 10 -11 -11 -5 -18 11 11 -6 8 8 10 10 -26 -16 14 16 0 0 -17 -15 -16 -16 0 14 14 16 16 0 14 16 0 0 -32 -3 -3 -1 -1 -22 0 14 14 16 16 0 -17 -17 -3 -1
73 38 59 -102 66 31 87 -207 -53 10 80 73 -193 80 45 -67 -4 66 -60 -95 73 -39 17 66 -11 -46 -18 31 -81 -116 52 10 -25 59 24 -88 31 80 3 -32 -109 -46 24 3 73 -4 66 24 -11 73 38 -179 -11 59 17 66
72 30 72 -208 65 30 72 -117 -61 2 72 72 -103 65 30 -61 2 72 -68 -103 65 -26 -5 72 9 -26 -26 30 -68 -103 72 9 -26 65 30 -68 -5 72 9 -26 -117 -75 -5 2 72 9 72 9 -26 65 30 -173 2 72 9 65
20 -64 -127 -127 27 27 -1 76 76 -50 -50 -8 -8 6 6 -92 83 83 83 83 -43 20 62 62 -29 -29 -22 -22 27 27 -106 69 69 69 69 -22 76 76 -85 -85 -113 27 27 27 27 -134 -92 83 83 83 83 -183 -106 -106 34 34
43 71 -55 -153 78 71 -55 -41 -34 57 50 -13 -6 85 78 -132 -6 -13 1 -6 -20 -13 36 43 -6 -13 64 71 -223 -125 -55 71 64 78 71 -118 -62 -55 1 -6 -41 50 43 57 50 -104 -13 78 71 85 78 -111 -6 -13 -27 -20
-15 76 -29 -99 76 76 83 -127 -92 83 83 69 -106 34 34 -106 69 69 -106 -106 34 -1 -71 -15 -1 -1 20 76 -85 -85 -29 20 20 76 76 -85 27 83 -43 -43 -127 27 27 83 83 -43 69 -22 -22 34 34 -232 69 69 -22 34
30 -103 -68 -26 30 -26 23 58 65 -110 65 -75 -33 23 -33 2 58 2 65 -12 65 37 72 79 -201 79 -166 -19 37 -19 16 72 16 79 2 79 65 72 -103 72 2 -68 2 -61 -117 -61 9 65 9 72 -5 72 2 -75 2 -117
90 -120 -176 -176 90 83 -106 153 153 -36 -43 -57 -57 -106 -113 -134 153 146 153 146 -43 76 125 125 -204 -106 -85 -85 76 69 -162 125 118 125 118 -106 139 139 -50 -57 -148 -1 -8 -1 -8 -232 -148 139 132 139 132 -57 -148 -155 -8 -8
83 -127 -183 -183 83 83 -106 153 153 -36 -36 -57 -57 -106 -106 -134 153 153 153 153 -36 69 118 118 -106 -106 -92 -92 69 69 -169 118 118 118 118 -106 139 139 -50 -50 -148 -1 -1 -1 -1 -330 -148 139 139 139 139 -50 -148 -148 -1 -1
-109 94 -109 -214 94 94 -88 -81 -81 -88 -88 122 122 -25 -25 -81 122 122 122 122 -25 94 -214 -109 94 94 94 94 -88 -88 -109 94 94 94 94 -88 122 122 -25 -25 -81 122 122 122 122 -25 -88 -25 -25 -25 -25 -312 -88 -88 -25 -25
27 -36 13 6 48 48 34 -162 -64 13 13 20 13 55 55 -78 -1 -1 -8 -8 13 -57 27 20 27 27 -36 -43 -71 -71 6 48 48 41 41 -113 34 27 34 34 -64 13 13 6 6 -8 13 55 55 48 48 -211 -8 -8 13 6
17 -74 52 52 17 17 -46 80 80 10 10 -151 -151 -46 -46 -151 80 80 80 80 10 17 17 17 -88 -88 52 52 17 17 -74 17 17 17 17 -88 80 80 10 10 -46 10 10 10 10 -200 -151 80 80 80 80 10 -46 -46 10 10
5 5 15 -37 17 15 4 14 -23 16 14 14 -23 16 14 -13 -19 -6 -11 -13 -4 -36 -11 5 -4 -6 -11 5 -4 -6 15 6 4 17 15 -9 -12 4 -5 -7 14 5 3 16 14 -10 14 5 3 16 14 -10 -19 -6 -15 -4
87 17 66 -116 87 10 94 -67 -39 -67 87 73 -214 94 17 -60 -67 66 -39 -116 87 -11 38 87 -67 -18 -67 17 -11 -228 66 38 -74 87 10 -18 45 94 -60 -11 -67 -116 38 -67 87 -67 73 45 -67 94 17 -11 -67 66 38 87
-185 -45 -3 -3 18 4 -45 -3 -3 18 4 32 32 53 39 18 60 46 60 46 -143 -52 -10 -10 11 -3 25 25 46 32 11 53 39 53 39 -45 25 25 46 32 11 53 39 53 39 -45 -94 -52 -31 -52 -31 -10 -171 -45 -3 -3
60 -31 4 4 81 67 60 -31 -31 -59 32 4 4 81 67 -227 -10 -59 -10 -59 53 -115 60 60 -3 -17 -31 -31 -129 -143 4 81 67 81 67 -136 60 60 -3 -17 -31 -59 32 -59 32 -31 4 81 67 81 67 -136 -10 -59 53 53
46 -87 -59 -164 46 53 -52 81 81 -24 -17 -52 -52 -52 -45 -24 81 88 81 88 -17 46 74 74 -66 -59 -164 -59 46 53 -31 74 81 74 81 -59 81 81 -24 -17 -101 4 11 4 11 -234 -24 81 88 81 88 -17 -101 -199 11 11
-2 -72 54 54 19 33 -2 -2 -2 -72 -58 54 54 19 33 -72 19 33 19 33 -142 -79 47 47 12 26 -23 -23 -163 -44 -23 68 -23 68 -23 47 47 47 12 26 -79 12 26 12 26 -44 -23 68 -23 68 -23 47 -163 -44 47 47
29 50 15 -174 50 50 50 -90 -69 50 50 36 -48 36 36 -83 36 36 -48 -48 36 -13 -13 29 -13 -13 8 50 -62 -62 15 8 8 50 50 -62 8 50 -27 -27 -90 8 8 50 50 -27 36 -6 -6 36 36 -181 36 36 -6 36
62 -64 34 -64 62 41 6 69 6 -29 76 -22 -225 6 -15 -22 69 -57 6 -15 76 62 -15 62 -113 -113 34 -64 62 41 34 -15 -36 62 41 -113 69 6 -29 76 69 -211 -1 -29 76 -99 -22 69 -57 6 -15 76 69 -57 -1 76
10 -53 -11 -18 10 17 -11 66 59 -88 -81 3 -4 -11 -4 -67 66 73 59 66 -81 24 66 59 -18 -11 -207 -109 24 31 -67 66 73 59 66 -11 80 73 -39 -32 -95 38 45 31 38 -214 -53 80 87 73 80 -32 -95 -193 45 38
51 16 -12 -12 51 37 -61 51 51 -47 -40 16 16 -61 -180 -12 51 37 51 37 -40 51 2 2 -61 51 -12 -12 51 37 -201 2 -47 2 -47 51 51 51 -47 -40 2 -61 51 -61 51 -47 -12 51 37 51 37 -40 2 -47 51 51
15 -1 9 -18 15 -2 17 -18 0 -15 16 11 -31 17 0 -6 -18 10 0 -17 16 0 10 13 -17 -1 -11 -3 0 -22 7 10 -12 13 -4 -1 12 15 -15 1 -5 -20 11 -17 14 -16 9 12 -25 15 -2 1 -5 8 11 14
73 -53 3 3 73 17 -151 80 80 -151 59 -46 -46 -151 -67 10 80 24 80 24 59 73 3 3 -53 17 3 3 73 17 -102 3 -88 3 -88 17 80 80 -151 59 10 -46 24 -46 24 -67 10 80 24 80 24 59 10 -186 24 24
24 -186 66 59 3 59 17 -151 -53 -4 -53 59 52 -4 52 -11 38 -11 31 -18 31 -67 80 73 -193 73 -25 -32 -88 -32 10 59 10 52 3 52 73 66 -95 66 3 52 3 45 -4 45 3 52 3 45 -4 45 -53 -207 -53 -60
76 -204 34 20 90 69 69 -148 -57 48 27 27 13 83 62 -99 6 -15 -8 -29 -64 -57 76 62 -183 6 -99 -113 -43 -64 20 90 69 76 55 20 69 55 -85 -1 -57 48 27 34 13 -22 13 83 62 69 48 13 -8 -29 -169 -78
53 -52 25 -59 53 46 11 53 4 -45 74 -17 -206 11 4 -24 53 -59 4 -3 74 60 -3 53 -136 -122 32 -52 60 53 25 -3 -10 53 46 -122 60 11 -38 81 53 -101 18 -45 74 -115 -17 60 -157 11 4 81 53 -59 18 74
59 -81 10 -186 66 52 52 38 52 -151 -60 3 -88 59 45 3 45 31 59 45 -53 -32 59 73 10 -4 -186 -67 -25 -39 24 66 52 80 66 3 52 66 3 -11 -53 -11 -25 3 -11 -109 17 59 45 73 59 -4 -151 -60 -18 -4
44 9 44 -166 51 9 44 -47 -26 -19 44 44 -61 51 9 -26 -19 44 -19 -61 51 -12 2 44 30 -12 -12 9 -40 -82 44 30 -12 51 9 -40 2 44 30 -12 -47 -166 2 -19 44 30 44 30 -12 51 9 -145 -19 44 30 51
60 -115 4 -129 53 67 74 53 -45 -3 11 18 -115 67 81 -101 46 60 -52 -38 4 53 32 60 -59 -150 -3 -115 46 60 4 25 39 53 67 -52 -59 74 -10 4 53 -31 -17 -3 11 -108 18 -66 -157 67 81 -3 46 60 -24 4
24 -186 59 59 10 59 17 -158 -53 3 -53 52 52 3 52 -18 38 -18 38 -18 38 -67 73 73 -186 73 -32 -32 -81 -32 3 59 3 59 3 59 66 66 -88 66 -4 52 -4 52 -4 52 -4 52 -4 52 -4 52 -53 -109 -53 -158
-1 20 -15 -22 27 27 27 -148 -50 34 34 13 6 20 20 -64 20 20 13 13 6 -1 -1 -8 6 6 20 13 -43 -43 -22 27 27 20 20 -57 27 20 -1 -1 -50 34 34 27 27 -15 6 20 20 13 13 -169 13 13 6 -1
76 41 62 -211 76 41 76 -113 -71 6 76 62 -106 76 41 -85 -8 62 -71 -106 76 -43 13 76 -8 -43 -22 41 -78 -113 62 13 -22 76 41 -78 13 76 -8 -43 -113 -57 13 6 76 -8 62 13 -22 76 41 -183 -8 62 13 76
33 -44 33 -156 33 33 12 54 5 -72 54 12 -72 12 12 5 54 -72 5 5 54 40 -23 33 -44 -23 40 -44 40 40 33 -23 -44 33 33 -23 61 12 -170 61 54 -23 -23 -72 54 -23 12 61 -170 12 12 61 54 -72 -23 54
39 -52 18 18 39 39 -59 46 46 -94 32 -45 -45 -59 -164 25 46 46 46 46 32 39 -17 -17 -17 4 18 18 39 39 -73 -17 -52 -17 -52 4 46 46 -94 32 -10 -10 11 -10 11 -24 25 46 46 46 46 32 -10 -150 11 11
20 -36 13 13 48 48 27 -64 -64 6 6 20 20 55 55 -176 -1 -1 -1 -1 13 -64 20 20 20 20 -36 -36 -71 -71 13 48 48 48 48 -113 27 27 27 27 -64 6 6 6 6 -15 20 55 55 55 55 -211 -1 -1 13 13
65 -89 2 -75 65 72 79 65 -117 23 30 16 -61 79 86 -75 65 72 -117 -215 30 30 16 65 -166 -54 -33 -89 30 37 2 16 23 65 72 -54 -75 79 -12 -5 65 -26 -19 23 30 -96 16 -75 -173 79 86 -5 65 72 -19 30
16 -89 -19 -19 16 16 9 79 79 -26 -26 -131 -131 9 9 -82 79 79 79 79 -26 16 65 65 -75 -75 -19 -19 16 16 -96 65 65 65 65 -75 79 79 -26 -26 -103 23 23 23 23 -222 -82 79 79 79 79 -26 -103 -103 23 23
20 -64 -113 -113 13 13 13 69 69 -15 -15 -15 -15 6 6 -85 62 62 62 62 -22 -8 83 83 -36 -36 -1 -1 -15 -15 -71 76 76 76 76 -43 76 76 -78 -78 -204 48 48 48 48 -211 -78 69 69 69 69 -85 -106 -106 41 41
48 -15 -15 -120 41 41 48 48 48 -141 -36 -120 -15 41 41 -15 41 41 41 41 -43 -155 55 55 6 6 -8 -8 -57 -57 -8 48 48 48 48 -1 55 55 6 6 -50 6 6 6 6 -78 -8 48 48 48 48 -1 -57 -162 -1 -1
157 101 -32 -39 150 -102 129 -4 -11 -137 136 -200 -102 122 80 -235 -11 -53 -18 -60 129 -270 157 150 -116 -53 101 94 -172 -109 -39 150 -102 143 -109 -60 129 122 -144 -81 -11 -137 136 -144 129 -137 -102 122 80 115 73 -88 -18 -60 129 122
19 19 40 -163 68 68 5 26 -72 54 54 26 -72 54 54 -51 -30 -30 -23 -23 -23 -170 -44 19 19 19 -44 19 19 19 40 40 40 68 68 -163 -58 5 5 5 26 26 26 54 54 -72 26 26 26 54 54 -72 -30 -30 -51 -23
-8 -8 -57 -148 -57 -22 -8 48 62 48 -127 48 62 48 -22 13 -1 34 13 48 34 -8 48 62 48 -22 48 62 48 -127 13 -1 34 13 48 34 -57 -148 -57 -22 13 -1 34 13 48 34 13 -1 34 13 48 34 -176 -36 -50 -36
-166 2 93 93 -5 44 -12 79 79 -19 30 37 37 -96 -152 -208 30 79 30 79 -54 -75 16 16 -82 -33 79 79 -19 30 -61 72 -89 72 -89 23 65 65 -33 16 -75 58 2 58 2 9 -117 16 65 16 65 -68 -124 -75 58 58
17 10 24 17 10 17 -4 45 38 -74 -172 38 31 -11 -4 -60 38 45 31 38 -74 31 45 38 -4 3 -207 -109 24 31 -95 38 45 31 38 -4 59 52 -25 -18 -39 24 31 17 24 -88 -81 52 59 45 52 -25 -46 -39 24 17
69 -57 -85 -1 62 62 76 48 27 -155 -50 -183 6 69 69 -22 41 41 20 20 -57 -204 83 62 20 20 -43 -64 -106 -106 13 76 76 55 55 13 90 69 27 27 -64 -1 -1 -22 -22 -99 20 83 83 62 62 20 -71 -176 -8 -29
48 -155 13 -1 55 55 48 -134 -43 48 48 13 -1 55 55 -78 13 13 -1 -1 -50 -15 48 34 -120 -15 -50 -64 -8 -8 -1 55 55 41 41 -8 48 34 -15 -120 -43 48 48 34 34 -15 -1 55 55 41 41 -8 -1 -1 -155 -64
41 -22 -85 -183 48 41 20 62 69 -50 -57 -1 6 27 20 -57 69 62 76 69 -155 -71 76 83 -1 -8 13 20 -169 -71 -43 83 76 90 83 -1 55 62 -22 -29 -211 20 13 27 20 -99 -64 62 55 69 62 -22 -99 -106 20 27
32 -143 39 -52 32 53 -3 39 -17 11 53 4 -87 -3 18 -10 39 -45 -17 4 53 39 -24 25 -87 -45 46 -45 39 60 32 -24 -3 25 46 -45 46 -10 18 60 32 -45 -3 4 46 -171 -3 46 -143 -10 11 60 32 -52 -3 46
48 -99 6 -92 62 55 48 27 34 -57 -64 6 -92 62 55 -8 41 34 48 41 -155 -50 55 62 6 -1 -197 -85 -36 -43 20 69 62 76 69 13 55 62 6 -1 -64 -15 -22 -8 -15 -106 20 69 62 76 69 13 -155 -57 -8 -1
69 -57 -1 -85 62 62 76 27 48 -50 -50 6 -183 69 69 -22 20 20 41 41 -162 -204 62 83 20 20 -64 -43 -106 -106 13 55 55 76 76 13 69 90 27 27 -169 -22 -22 -1 -1 -99 20 62 62 83 83 20 -71 -71 -29 -8
43 57 -6 -6 71 -34 36 -27 -27 -55 50 -153 -48 64 64 -111 1 1 1 1 78 1 43 43 15 -90 57 57 -111 -111 -6 71 -34 71 -34 -97 36 36 8 8 -27 -55 50 -160 50 22 -48 64 64 64 64 -209 1 1 78 78
81 -122 -31 -220 88 74 74 60 81 -171 -80 -38 -122 81 67 -31 67 53 88 74 -73 -101 95 116 4 -10 -108 -87 -94 -108 4 102 88 123 109 -3 88 109 -3 -17 -115 -17 -31 4 -10 -157 -3 95 81 116 102 -10 -213 -122 -24 -3
33 12 5 -177 54 54 40 33 -44 -23 -23 12 -65 61 61 -72 54 54 -23 -23 -23 -44 -51 33 33 33 -72 12 12 12 5 5 5 54 54 -72 -149 40 40 40 33 33 33 -23 -23 -44 12 12 12 61 61 -170 54 54 -72 -23
-53 38 -123 -221 38 31 31 -25 -18 31 24 66 73 -18 -25 -88 66 59 73 66 -25 10 -11 -4 10 3 80 87 -39 -46 -74 80 73 87 80 -46 73 80 -186 -88 -81 73 66 80 73 -88 -95 24 17 31 24 -137 -95 -102 17 24
93 -131 -110 -110 93 86 93 93 93 -194 -96 -110 -110 93 86 -131 93 86 93 86 -96 -103 128 128 -19 -26 -96 -96 -103 -110 -96 128 121 128 121 -26 128 128 -19 -26 -103 -19 -26 -19 -26 -208 -96 128 121 128 121 -26 -103 -110 -26 -26
-12 -5 30 -180 79 79 -5 30 -75 79 79 37 -68 86 86 -33 -89 -89 16 16 -61 -96 -61 -26 23 23 -54 -19 30 30 16 65 65 65 65 -117 -159 -19 30 30 16 65 65 65 65 -117 23 72 72 72 72 -215 2 2 -75 -75
53 53 -45 -143 53 60 46 -17 -10 46 -52 -17 -10 25 53 -108 -17 -10 -10 -3 53 -31 46 53 -31 -24 46 53 -192 -59 -45 46 53 53 60 -59 39 46 -59 -31 -17 39 -59 46 -52 -31 -17 18 46 25 53 -87 -17 -10 46 53
9 -82 -40 -12 9 -12 2 44 37 -68 37 -47 -19 2 -19 23 44 23 37 -5 37 16 58 51 -159 51 -138 -5 16 -5 37 58 37 51 9 51 51 44 -61 44 -19 -19 -19 -26 -47 -26 30 51 30 44 2 44 -19 -166 -19 -47
-176 -106 -22 -22 27 20 -71 13 13 62 55 -22 -22 27 20 6 76 69 76 69 -92 -71 13 13 62 55 -22 -22 27 20 6 76 69 76 69 -92 13 13 62 55 -64 6 -1 6 -1 -57 6 76 69 76 69 -197 -211 -113 -43 -43
23 37 72 -215 86 72 23 58 -124 72 58 72 -110 86 72 -75 -89 2 -61 -75 16 -96 -61 23 -12 -26 -152 37 2 -12 72 37 23 86 72 -68 -61 23 -12 -26 58 23 9 72 58 -82 72 37 23 86 72 -173 -89 2 -33 16
44 9 -19 -19 44 37 -61 51 51 -47 -33 16 16 -61 -173 -12 51 44 51 44 -33 44 -5 -5 -68 51 -19 -19 44 37 -103 -5 -47 -5 -47 51 51 51 -47 -33 2 -61 58 -61 58 -40 -12 51 44 51 44 -33 2 -145 58 58
4 -3 18 18 25 4 4 4 4 -24 -150 18 18 25 4 -3 25 4 25 4 -24 -3 18 18 25 4 -24 -24 -122 -3 -24 4 18 4 18 25 18 18 25 4 -3 25 4 25 4 -24 -24 4 18 4 18 25 -122 -3 25 25
83 41 69 -204 83 48 69 -113 -71 6 76 55 -113 69 34 -85 -8 62 -71 -106 76 -43 20 83 -1 -36 -22 41 -78 -113 69 20 -15 83 48 -176 6 69 -15 -50 -113 -57 13 6 76 -8 55 6 -29 69 34 -85 -8 62 13 76
-24 -185 60 -59 53 60 -24 -45 -24 -52 -45 60 -59 53 60 60 -3 4 53 60 -3 -59 46 -38 39 46 25 -94 18 25 46 -17 -10 39 46 -17 46 -38 39 46 46 -17 -10 39 46 -17 46 -17 -10 39 46 -17 -52 -150 -108 -52
81 -24 -52 -157 81 81 81 53 53 -59 -59 -157 -52 81 81 -80 53 53 53 53 -164 -206 81 81 4 4 -24 -24 -101 -101 -52 81 81 81 81 4 81 81 4 4 -52 -24 -24 -24 -24 -136 -52 81 81 81 81 4 -52 -52 -24 -24
-10 -10 46 46 4 -10 -10 25 25 -52 -171 46 46 4 -10 -45 39 25 39 25 -52 -10 46 46 4 -10 -94 -94 -31 -10 -59 25 46 25 46 4 46 46 4 -10 -45 39 25 39 25 -52 -59 25 46 25 46 4 -171 -45 39 39
94 -116 -179 -277 94 94 -102 150 157 -32 -32 -60 -53 -102 -102 -116 150 150 157 157 -32 73 115 122 -102 -102 -95 -88 73 73 -151 115 115 122 122 -102 129 136 -53 -53 -137 -11 -11 -4 -4 -333 -137 129 129 136 136 -53 -137 -137 -11 -4
13 -1 20 20 13 6 -8 48 48 -169 -71 34 34 -8 -15 -71 48 41 48 41 -71 20 41 41 -1 -8 -113 -113 20 13 -113 41 34 41 34 -8 55 55 -22 -29 -50 34 27 34 27 -85 -99 55 48 55 48 -29 -50 -57 27 27
-23 -23 61 -23 47 61 -23 -170 -44 -79 -65 61 -23 47 61 40 5 19 26 40 5 -23 61 -23 47 61 -65 -44 -79 -170 40 5 19 26 40 5 61 -23 47 61 40 5 19 26 40 5 40 5 19 26 40 5 -51 -142 -72 -51
73 59 -60 -158 66 45 80 -4 3 -18 66 -18 -11 73 -53 -130 -11 -32 -4 -25 59 -200 66 73 -88 -4 52 59 -102 -18 -60 59 38 66 45 -11 73 80 -81 3 -4 -25 59 -18 66 -200 -18 66 -60 73 -53 -4 -11 -32 52 59
-102 101 -102 -207 101 94 -88 -81 -81 -88 -95 122 122 -25 -32 -81 122 115 122 115 -32 101 -207 -102 101 94 101 101 -186 -88 -102 101 94 101 94 -88 122 122 -25 -32 -81 122 115 122 115 -32 -88 -25 -32 -25 -32 -214 -88 -95 -32 -32
52 59 -60 -60 38 66 -109 52 52 -25 -207 59 59 -18 -95 -60 38 66 38 66 -11 73 -11 -11 -53 80 -4 -4 59 -18 -228 -25 3 -25 3 66 73 73 -4 -81 -11 -53 80 -53 80 3 -4 59 -18 59 -18 -200 -25 3 66 66
39 -45 -17 -185 39 39 46 39 11 -10 -10 -10 -73 46 46 -45 39 39 11 11 -10 53 46 39 -38 -143 -3 -45 53 53 -17 46 46 39 39 -38 -52 46 4 4 39 -3 -3 -10 -10 -87 -10 -157 -52 46 46 4 39 39 -3 -10
33 47 19 -163 47 47 54 -184 -51 54 54 40 -37 33 33 -65 40 40 -37 -37 33 -9 -2 26 -9 -9 12 40 -65 -65 12 12 12 40 40 -65 19 47 -23 -23 -86 19 19 47 47 -23 33 -2 -2 26 26 -184 33 33 -2 26
30 -33 -89 -89 37 30 16 65 65 -54 -61 2 2 23 16 -75 72 65 72 65 -159 -75 79 79 -5 -12 16 16 -173 -75 -61 86 79 86 79 -5 65 65 -19 -26 -222 30 23 30 23 -96 -75 72 65 72 65 -19 -110 -117 30 30
83 20 -22 -22 76 20 -225 83 83 -64 -15 20 20 -127 -78 -22 76 20 76 20 -22 83 20 20 -92 62 -22 -22 76 20 -225 13 -78 13 -78 55 83 83 -64 -15 20 -92 62 -92 62 -85 -22 76 20 76 20 -22 13 -78 55 55
27 27 62 -106 83 62 34 69 -204 90 69 69 -99 90 69 -64 -190 -1 -43 -64 20 -197 -57 20 -1 -22 -57 20 -1 -22 55 34 13 76 55 -71 -50 27 6 -15 62 41 20 83 62 -64 62 41 20 83 62 -169 -92 -8 -29 13
-87 109 -122 109 109 -3 116 -220 116 116 4 81 -3 -3 -220 81 81 -31 -3 -115 -115 -101 -122 -101 -101 -108 74 -10 -10 88 74 74 -38 -10 88 88 81 -3 -3 95 81 81 -31 -3 95 95 -73 -73 60 -157 -24 -24 -178 60 60 -24
45 -67 73 -172 45 73 -18 87 -18 -67 87 10 -130 -18 10 10 87 -116 -18 10 87 45 -60 45 -109 -60 73 -67 45 73 73 -60 -53 45 73 -60 87 -18 -67 87 87 -67 -39 -67 87 -67 10 87 -221 -18 10 87 87 -116 -39 87
30 30 58 -117 79 65 37 65 -215 86 72 65 -110 86 72 -82 -96 -5 -61 -75 16 -194 -61 30 -5 -19 -61 30 -5 -19 58 23 9 79 65 -75 -54 37 2 -12 65 30 16 86 72 -68 65 30 16 86 72 -173 -96 -5 -40 16
-8 -8 -57 -148 -64 -15 -8 48 62 41 -120 48 62 41 -15 13 -8 41 6 55 34 -8 48 62 41 -15 48 62 41 -120 13 -8 41 6 55 34 -57 -148 -64 -15 13 -8 41 6 55 34 13 -8 41 6 55 34 -78 -134 -50 -36
-5 2 -5 -82 9 2 72 -61 -117 79 72 72 -5 -19 -26 -117 79 72 2 -5 -19 58 -75 -5 65 58 58 2 -68 -75 -5 65 58 9 2 -68 -103 72 37 30 -61 -201 -103 79 72 37 72 37 30 -19 -26 -201 79 72 37 -19
-20 -209 8 -48 1 8 -20 57 36 50 -153 8 -48 1 8 64 -27 85 57 64 78 -27 50 29 43 -55 1 -55 -6 1 57 -34 78 50 57 71 50 29 43 -55 1 -90 22 -6 1 15 57 -34 78 50 57 71 -118 -216 -97 -118
60 -52 32 -157 60 53 4 53 4 -45 74 -24 -108 4 -3 -24 53 -59 4 -3 74 60 4 60 -129 -115 32 -52 60 53 32 4 -3 60 53 -115 53 4 -45 74 53 -101 18 -45 74 -115 -24 53 -164 4 -3 74 53 -59 18 74
6 27 -22 -15 27 27 34 -155 -43 34 34 6 13 20 20 -71 6 6 13 13 20 -1 6 -8 -1 -1 27 13 -50 -50 -15 27 27 13 13 -50 34 20 -8 -8 -43 34 34 20 20 -8 13 20 20 6 6 -162 13 13 20 6
43 8 -6 -6 43 29 -48 43 43 -34 -27 8 8 -48 -167 -6 43 29 43 29 -27 43 8 8 -69 43 -6 -6 43 29 -181 8 -41 8 -41 43 43 43 -34 -27 8 -69 43 -69 43 -34 -6 43 29 43 29 -27 8 -41 43 43
5 5 40 -163 89 89 -9 26 -72 75 75 26 -72 75 75 -37 -100 -100 12 12 -51 -191 -51 -9 33 33 -51 -9 33 33 26 68 68 75 75 -198 -65 -23 19 19 12 54 54 61 61 -107 12 54 54 61 61 -107 -9 -9 -72 -65
12 12 -2 -9 19 19 19 -135 -37 26 26 5 -2 26 26 -51 12 12 5 5 12 -9 12 5 -2 -2 12 5 -37 -37 -9 19 19 12 12 -51 19 12 5 5 -37 26 26 19 19 -9 -2 26 26 19 19 -149 5 5 12 5
86 -124 -187 -187 86 86 -103 149 149 -33 -33 -61 -61 -103 -103 -124 149 149 149 149 -33 72 114 114 -103 -103 -96 -96 72 72 -159 114 114 114 114 -103 135 135 -47 -47 -138 -5 -5 -5 -5 -327 -138 135 135 135 135 -47 -138 -138 -5 -5
29 8 1 -167 50 50 36 29 -34 -27 -27 8 -55 57 57 -62 50 50 -13 -13 -27 -41 -48 29 36 36 -69 8 15 15 1 8 8 50 50 -69 -146 36 43 43 29 36 36 -27 -27 -41 8 15 15 57 57 -167 50 50 -69 -27
8 -76 -6 -6 8 8 1 71 71 -20 -20 -118 -118 1 1 -69 71 71 71 71 -20 8 57 57 -69 -69 -6 -6 8 8 -83 57 57 57 57 -69 71 71 -20 -20 -111 29 29 29 29 -202 -69 71 71 71 71 -20 -111 -111 29 29
108 -11 73 -130 101 -11 115 -221 -4 -88 115 80 -123 108 -4 -39 -123 80 -11 -123 108 -4 80 87 -102 -4 -74 -32 -11 -158 52 73 -74 80 -32 -11 87 94 -95 3 -32 -116 87 -109 94 -95 59 80 -172 87 -25 -4 -39 59 80 87
18 4 18 11 11 18 -3 46 39 -66 -164 32 25 -10 -3 -66 39 46 32 39 -66 25 39 32 -3 4 -185 -87 18 25 -73 32 39 25 32 -3 53 46 -24 -17 -45 25 32 18 25 -80 -59 46 53 39 46 -24 -52 -45 25 18
93 -117 -180 -180 93 86 -103 149 149 -33 -40 -61 -61 -103 -110 -124 149 142 149 142 -40 79 121 121 -201 -103 -89 -89 79 72 -152 121 114 121 114 -103 135 135 -47 -54 -138 -5 -12 -5 -12 -229 -138 135 128 135 128 -54 -138 -145 -12 -12
33 -23 -23 -163 33 33 40 40 5 -9 -9 -16 -51 40 40 -51 40 40 5 5 -9 47 47 33 -37 -142 -9 -23 47 47 -23 47 47 33 33 -37 -51 40 5 5 40 5 5 -9 -9 -79 -16 -156 -51 40 40 5 40 40 5 -9
-32 -95 52 -67 45 52 -32 -46 -25 -53 -46 52 -67 45 52 59 -4 3 52 59 -4 -67 45 -39 38 45 17 -102 10 17 45 -18 -11 38 45 -18 45 -39 38 45 52 -11 -4 45 52 -11 45 -18 -11 38 45 -18 -46 -144 -102 -46
40 -16 -23 -128 40 47 -51 47 47 5 12 -9 -9 -51 -149 -16 47 54 47 54 12 40 33 33 -44 -37 -128 -23 40 47 -30 33 40 33 40 -37 47 47 5 12 -65 -2 5 -2 5 -177 -16 47 54 47 54 12 -65 -58 5 5
40 -65 5 -9 47 47 40 -135 -44 47 47 5 -9 47 47 -79 12 12 -2 -2 -51 -23 47 33 -121 -16 -58 -72 -16 -16 -2 54 54 40 40 -9 47 33 -16 -121 -37 54 54 40 40 -9 -2 54 54 40 40 -9 5 5 -149 -58
8 -3 0 0 11 9 8 -4 -4 -8 5 0 0 11 9 -32 -1 -8 -1 -8 8 -15 8 8 -1 -3 -3 -3 -17 -19 0 11 9 11 9 -20 8 8 -1 -3 -4 -8 5 -8 5 -4 0 11 9 11 9 -20 -1 -8 8 8
83 20 69 -113 83 13 90 -71 -43 -57 83 76 -211 90 20 -57 -71 69 -43 -113 83 -15 34 83 -57 -22 -64 20 -15 -225 69 34 -71 83 13 -22 41 90 -50 -15 -71 -106 34 -57 83 -57 76 41 -64 90 20 -15 -71 69 34 83
10 -11 10 10 17 10 10 10 10 -18 -130 10 10 17 10 -11 17 10 17 10 -18 -11 10 10 17 10 -11 -11 -109 -11 -11 17 10 17 10 17 10 10 17 10 -11 17 10 17 10 -18 -11 17 10 17 10 17 -109 -11 17 17
8 22 43 -167 57 57 8 29 -76 43 43 43 -62 57 57 -41 -27 -27 -27 -27 -13 -69 -48 8 1 1 -139 22 15 15 43 36 36 57 57 -55 -48 8 1 1 29 22 22 43 43 -69 43 36 36 57 57 -160 -27 -27 -34 -13
6 -5 3 3 6 5 -7 6 6 -14 3 -5 -5 -7 -23 3 6 5 6 5 3 6 -1 -1 -1 1 3 3 6 5 -24 -1 -7 -1 -7 1 6 6 -14 3 -1 -1 1 -1 1 -4 3 6 5 6 5 3 -1 -7 1 1
9 -61 65 65 9 9 -54 72 72 16 16 -138 -138 -54 -54 -138 72 72 72 72 16 9 9 9 -82 -82 65 65 9 9 -61 9 9 9 9 -82 72 72 16 16 -54 16 16 16 16 -180 -138 72 72 72 72 16 -54 -54 16 16
0 -7 0 -22 4 3 0 -1 0 6 5 0 -7 4 3 0 6 5 4 3 -6 0 -1 0 6 5 0 -7 4 3 0 6 5 4 3 -6 -1 0 6 5 -1 -25 -11 6 5 -4 0 6 5 4 3 -21 6 5 -4 -6
68 -79 -16 -16 68 61 68 26 26 -170 -72 -16 -16 68 61 -79 26 19 26 19 -72 -93 75 75 19 12 -72 -72 -93 -100 -135 75 68 75 68 12 75 75 19 12 12 -23 -30 -23 -30 -121 -135 75 68 75 68 12 12 5 -30 -30
75 -2 40 -72 68 -9 89 -184 19 -51 82 54 -163 82 5 -16 -86 47 12 -65 75 19 61 54 -121 12 -51 -23 12 -100 19 54 -58 47 -30 5 75 68 -107 26 5 -65 68 -72 61 -114 33 68 -149 61 -16 19 -2 26 61 54
73 -130 -39 -130 80 66 73 59 73 -172 -81 -39 -130 80 66 -39 66 52 80 66 -74 -102 94 108 3 -11 -109 -95 -95 -109 -4 101 87 115 101 -4 94 108 3 -11 -116 -11 -25 3 -11 -151 -4 101 87 115 101 -4 -214 -123 -18 -4
65 51 -54 -152 58 37 72 2 9 -26 58 -12 -5 65 -61 -110 -5 -26 2 -19 51 -187 58 65 -75 9 44 51 -89 -5 -54 51 30 58 37 2 65 72 -68 16 2 -33 51 -26 58 -187 -12 58 -68 65 -61 9 -5 -26 44 51
33 -37 19 12 47 47 33 -156 -58 12 12 19 12 47 47 -72 -2 -2 -9 -9 5 -58 33 26 26 26 -37 -44 -79 -79 12 47 47 40 40 -121 33 26 26 26 -58 12 12 5 5 -16 12 47 47 40 40 -121 -9 -9 5 -2
-27 -97 -13 -160 29 29 -27 -83 15 64 64 -13 -55 29 29 29 78 78 71 71 -111 -27 -83 15 64 64 -13 -55 29 29 29 78 78 71 71 -111 -83 15 64 64 -41 8 8 1 1 -76 29 78 78 71 71 -216 -90 -90 -62 -69
32 46 18 -157 53 53 39 -94 -59 46 46 25 -45 25 25 -73 32 32 -38 -38 32 -10 -3 32 -3 -3 11 46 -59 -59 18 18 18 53 53 -157 4 39 -31 -31 -94 11 11 46 46 -24 25 -10 -10 25 25 -80 32 32 -3 32
10 -11 10 10 24 3 10 10 10 -116 -32 10 10 24 3 -11 24 3 24 3 -18 -11 10 10 24 3 -11 -11 -102 -18 -11 24 3 24 3 17 10 10 24 3 -11 24 3 24 3 -18 -11 24 3 24 3 17 -102 -18 17 17
54 -149 33 -58 54 47 12 54 -2 -51 68 -9 -100 12 5 -23 54 -58 -2 -9 68 61 -2 47 -107 -93 40 -51 61 54 26 -2 -9 47 40 -93 61 5 -44 75 47 -107 12 -58 61 -93 -16 61 -156 5 -2 75 47 -65 12 61
45 -18 -123 -123 45 45 -67 73 73 -4 -4 10 10 -67 -67 -116 73 73 73 73 -4 24 59 59 -53 -53 -4 -4 24 24 -130 59 59 59 59 -53 52 52 -25 -25 -39 10 10 10 10 -207 -102 52 52 52 52 -25 -39 -39 10 10
-16 -9 -58 -149 -65 -23 -16 40 54 33 -30 47 61 40 -23 12 -9 33 5 47 26 -9 47 61 40 -23 54 68 47 -121 19 -2 40 12 54 33 -58 -149 -65 -23 12 -9 33 5 47 26 19 -2 40 12 54 33 -72 -135 -51 -37
31 -53 -25 -95 24 38 45 38 3 -18 -4 -11 -81 38 52 -53 31 45 -4 10 -11 52 45 31 -46 -137 -4 -53 45 59 -25 38 52 24 38 -39 -46 45 3 17 38 -4 10 -18 -4 -81 -11 -53 -144 38 52 10 31 45 3 -11
0 -1 6 5 -1 1 0 4 3 -8 -21 6 5 -1 1 -6 3 5 2 4 -7 -1 6 5 -1 1 -25 -11 -2 0 -4 5 7 4 6 0 6 5 -1 1 -6 3 5 2 4 -7 -4 5 7 4 6 0 -7 -20 4 3
31 -53 -25 -95 31 31 45 38 3 -11 -11 -11 -81 45 45 -53 38 38 3 3 -11 52 45 31 -39 -144 -4 -53 52 52 -25 45 45 31 31 -39 -46 45 10 10 38 3 3 -11 -11 -81 -11 -151 -46 45 45 10 38 38 3 -11
12 -72 12 -72 54 47 19 -58 19 5 -2 19 -170 61 54 19 5 -2 61 54 -65 -23 5 -23 68 61 -23 -107 19 12 -23 68 61 19 12 -107 12 -16 75 68 12 -212 -114 75 68 -51 -16 75 68 26 19 -100 75 68 -51 -100
-127 -50 -8 -8 -127 -134 69 111 111 -8 -15 -127 -127 69 62 -106 111 104 111 104 -15 55 97 97 -22 -29 -36 -36 55 48 -120 97 90 97 90 -29 83 83 -176 -78 -106 6 -1 6 -1 -155 -134 83 76 83 76 -78 -106 -113 -1 -1
-30 -163 54 -37 47 54 -30 -44 -30 -51 -44 54 -37 47 54 54 -2 5 47 54 -2 -65 47 -44 40 47 19 -72 12 19 40 -16 -9 33 40 -16 47 -44 40 47 47 -9 -2 40 47 -9 40 -16 -9 33 40 -16 -51 -149 -100 -51
40 -16 -93 -93 40 33 33 61 61 -156 -58 5 5 33 26 -93 61 54 61 54 -58 -65 68 68 -9 -16 12 12 -65 -72 -86 68 61 68 61 -16 61 61 -16 -23 -37 12 5 12 5 -107 -198 61 54 61 54 -23 -37 -44 5 5
8 15 29 -160 57 57 8 22 -62 50 50 29 -55 57 57 -41 -34 -34 -13 -13 -27 -167 -48 8 15 15 -41 15 22 22 29 36 36 57 57 -62 -48 8 15 15 22 29 29 50 50 -69 29 36 36 57 57 -167 -34 -34 -48 -27
52 -39 3 10 73 66 52 -32 -25 -67 31 3 10 73 66 -109 -11 -53 -4 -151 52 -102 45 52 10 3 -46 -39 -116 -123 3 66 59 73 66 -116 45 52 10 3 -32 -74 24 -67 31 -11 3 66 59 73 66 -116 -11 -53 45 52
5 12 -2 -2 19 19 12 -37 -37 19 19 5 5 26 26 -149 12 12 12 12 12 -16 5 5 -9 -9 12 12 -37 -37 -2 19 19 19 19 -51 12 12 -2 -2 -37 19 19 19 19 -16 5 26 26 26 26 -149 12 12 12 12
33 -100 -65 -30 33 -30 26 61 61 -107 61 -72 -37 26 -37 -2 61 -2 61 -2 61 40 75 75 -198 75 -163 -23 40 -23 12 75 12 75 12 75 68 68 -100 68 -2 -65 -2 -65 -107 -65 5 68 5 68 5 68 -2 -65 -2 -107
82 -128 -121 -121 82 82 -93 124 124 -23 -23 -86 -86 -93 -93 -100 124 124 124 124 -23 82 89 89 -93 -93 -121 -121 82 82 -135 89 89 89 89 -93 124 124 -23 -23 -100 -16 -16 -16 -16 -303 -100 124 124 124 124 -23 -100 -100 -16 -16
23 37 9 -68 37 37 51 -117 -89 51 51 37 -40 30 30 -103 37 37 -40 -40 30 -12 -5 23 -12 -12 9 37 -68 -68 9 9 9 37 37 -68 23 51 -19 -19 -117 23 23 51 51 -19 37 2 2 30 30 -180 37 37 2 30
-117 93 -117 -215 93 93 -89 -89 -82 -89 -89 121 128 -19 -19 -82 121 121 128 128 -19 86 -124 -117 86 86 86 93 -89 -89 -117 86 86 93 93 -89 114 121 -26 -26 -89 114 114 121 121 -26 -89 -26 -26 -19 -19 -306 -89 -89 -26 -19
3 -11 17 17 24 -4 3 10 10 -123 -46 17 17 24 -4 3 31 3 31 3 -25 -11 17 17 24 -4 -32 -32 -25 -18 -25 3 10 3 10 17 17 17 24 -4 3 31 3 31 3 -25 -25 3 10 3 10 17 -116 -4 24 24
51 -54 37 -159 51 44 2 58 2 -33 65 -12 -103 2 -5 -12 58 -54 2 -5 65 51 2 51 -89 -96 37 -54 51 44 37 2 -5 51 44 -96 58 2 -33 65 58 -187 16 -33 65 -75 -12 58 -159 2 -5 65 58 -54 16 65
79 65 -5 -12 72 -54 72 2 -5 -26 58 -152 -54 65 44 -124 -5 -26 -12 -33 51 -201 79 72 -89 -5 65 58 -103 -19 -12 72 -54 65 -61 -12 72 65 -96 -12 -5 -26 58 -33 51 -110 -54 65 44 58 37 -19 -12 -33 51 44
8 -1 -17 -31 8 8 4 8 9 -7 -7 -1 0 4 4 -16 8 8 9 9 -7 -9 10 11 0 0 1 2 -9 -9 -14 10 10 11 11 0 6 7 -4 -4 -4 0 0 1 1 -30 -13 6 6 7 7 -4 -4 -4 0 1
9 -61 -19 -19 9 16 -12 65 65 -82 -75 -5 -5 -12 -5 -68 65 72 65 72 -75 16 58 58 -19 -12 -117 -117 16 23 -75 58 65 58 65 -12 72 72 -40 -33 -96 37 44 37 44 -208 -61 72 79 72 79 -33 -96 -194 44 44
41 -99 -134 -134 41 41 -64 111 111 -29 -29 -29 -29 -64 -64 -85 111 111 111 111 -29 27 97 97 -78 -78 -43 -43 27 27 -99 97 97 97 97 -78 97 97 -43 -43 -169 27 27 27 27 -253 -99 97 97 97 97 -43 -169 -169 27 27
-11 -11 17 10 3 17 -11 -109 -11 -18 -4 17 10 3 17 17 10 24 3 17 10 -11 17 10 3 17 -4 -11 -18 -109 17 10 24 3 17 10 17 10 3 17 17 10 24 3 17 10 17 10 24 3 17 10 -25 -116 -18 -25
4 -80 53 53 4 32 4 11 11 -73 -150 53 53 4 32 -66 11 39 11 39 -45 -80 53 53 4 32 -31 -31 -80 -52 -24 53 -24 53 -24 32 53 53 4 32 -66 11 39 11 39 -45 -24 53 -24 53 -24 32 -171 -38 39 39
7 1 0 0 6 1 -27 7 7 -7 3 1 1 -13 -3 0 6 1 6 1 2 7 3 3 -6 4 0 0 6 1 -24 2 -8 2 -8 3 7 7 -7 3 3 -6 4 -6 4 -10 0 6 1 6 1 2 2 -8 3 3
48 -92 -127 -127 41 48 34 104 104 -78 -176 -36 -36 27 34 -92 97 104 97 104 -78 -64 111 111 -36 -29 -29 -29 -71 -64 -85 104 111 104 111 -36 97 97 -50 -43 -169 20 27 20 27 -155 -99 90 97 90 97 -50 -176 -169 20 20
45 -95 -130 -130 38 52 -67 108 108 -39 -25 -32 -32 -74 -60 -67 101 115 101 115 -32 31 101 101 -81 -172 -39 -39 24 38 -74 94 108 94 108 -74 94 94 -53 -39 -151 17 31 17 31 -151 -81 87 101 87 101 -46 -158 -249 24 24
44 51 -54 -54 30 58 -96 44 44 -12 -194 51 51 -5 -82 -54 30 58 30 58 2 65 -5 -5 -61 72 2 2 51 -26 -208 -19 9 -19 9 58 65 65 9 -68 -5 -61 72 -61 72 16 2 51 -26 51 -26 -187 -19 9 58 58
33 -23 -23 -163 26 40 40 40 5 -16 -2 -16 -51 33 47 -51 33 47 -2 12 -9 47 47 33 -44 -135 -9 -23 40 54 -23 40 54 26 40 -37 -51 40 -2 12 40 -2 12 -16 -2 -79 -16 -58 -149 33 47 5 33 47 5 -9
26 -65 19 19 26 26 -37 47 47 19 19 -79 -79 -37 -37 -121 47 47 47 47 19 26 5 5 -58 -58 19 19 26 26 -23 5 5 5 5 -58 47 47 19 19 5 -2 -2 -2 -2 -170 -121 47 47 47 47 19 5 5 -2 -2
3 6 1 -12 6 6 7 -13 -11 7 7 5 -8 5 5 -13 5 5 -8 -8 5 -2 -2 3 -2 -2 1 6 -9 -9 1 1 1 6 6 -9 2 7 -3 -3 -13 2 2 7 7 -3 5 0 0 5 5 -25 5 5 0 5
51 -103 -61 -61 51 44 51 72 72 -166 -68 -61 -61 51 44 -61 72 65 72 65 -68 -61 86 86 -12 -19 -68 -68 -61 -68 -47 86 79 86 79 -19 86 86 -12 -19 -124 9 2 9 2 -131 -47 86 79 86 79 -19 -124 -131 2 2
-26 16 72 65 2 -19 -26 30 23 -75 -201 72 65 2 -19 -89 58 37 51 30 -68 16 72 65 2 -19 -201 -103 -61 23 -47 -5 79 -12 72 9 72 65 2 -19 -89 58 37 51 30 -68 -47 -5 79 -12 72 9 -61 -187 65 58
36 1 -13 -13 36 29 -48 43 43 -34 -20 8 8 -48 -160 -6 43 36 43 36 -20 36 1 1 -76 43 -13 -13 36 29 -83 1 -41 1 -41 43 43 43 -34 -20 8 -69 50 -69 50 -27 -6 43 36 43 36 -20 8 -139 50 50
8 -17 0 -17 7 9 10 7 -5 -1 1 2 -15 9 11 -13 6 8 -6 -4 0 8 5 8 -8 -21 0 -17 7 9 0 4 6 7 9 -7 -8 10 -1 1 7 -4 -2 -1 1 -15 2 -9 -22 9 11 0 6 8 -3 0
19 -44 19 12 40 40 26 -156 -58 5 5 26 19 47 47 -58 5 5 -2 -2 5 -44 19 12 40 40 -44 -51 -58 -58 12 40 40 33 33 -100 26 19 47 47 -58 5 5 -2 -2 5 19 47 47 40 40 -198 -2 -2 5 -2
25 39 25 -157 39 39 46 -178 -45 46 46 46 -31 25 25 -45 46 46 -31 -31 25 4 -10 18 4 4 4 32 -52 -52 18 4 4 32 32 -52 11 39 -10 -10 -80 11 11 39 39 -10 39 -10 -10 18 18 -171 39 39 -10 18
8 -3 -1 0 11 10 8 -5 -4 -8 6 -1 0 11 10 -18 -2 -8 -1 -22 9 -15 7 8 -1 -2 -4 -3 -17 -18 -1 10 9 11 10 -19 7 8 -1 -2 -5 -9 5 -8 6 -3 -1 10 9 11 10 -19 -2 -8 8 9
-57 -99 -57 -57 -57 -57 41 83 83 -22 -22 -64 -64 41 41 -43 83 83 83 83 -22 41 83 83 -22 -22 -64 -64 41 41 -43 83 83 83 83 -22 76 76 -64 -64 -218 13 13 13 13 -127 -50 76 76 76 76 -169 -113 -113 13 13
45 -46 -18 -179 38 45 45 38 17 -11 -4 -18 -74 38 45 -46 31 38 10 17 -11 52 45 45 -39 -137 -11 -46 45 52 -18 38 45 38 45 -39 -60 45 -4 3 38 -11 -4 -11 -4 -88 -18 -67 -60 38 45 -4 31 38 -11 -11
36 -83 -41 -41 36 29 36 57 57 -146 -48 -41 -41 36 29 -41 57 50 57 50 -48 8 50 50 -13 -20 -69 -69 8 1 -48 50 43 50 43 -20 50 50 -13 -20 -55 8 1 8 1 -97 -48 50 43 50 43 -20 -55 -62 1 1
29 -90 -48 -48 29 29 8 50 50 -13 -13 -69 -69 8 8 -48 50 50 50 50 -13 29 50 50 -48 -48 -48 -48 29 29 -48 50 50 50 50 -48 50 50 -13 -13 -55 8 8 8 8 -195 -48 50 50 50 50 -13 -55 -55 8 8
26 -30 -37 -30 33 33 33 26 33 -44 -44 -30 -128 40 40 -30 33 33 40 40 -37 -58 40 47 5 5 -16 -9 -156 -51 -16 47 47 54 54 12 47 54 12 12 -58 5 5 12 12 -170 -9 54 54 61 61 19 -51 -156 12 19
44 -54 30 -61 44 37 9 58 2 -33 65 -5 -201 9 2 -12 58 -54 2 -5 65 51 -5 44 -96 -103 37 -54 51 44 30 -5 -12 44 37 -103 65 9 -26 72 58 -187 16 -33 65 -75 -5 65 -152 9 2 72 58 -54 16 65
40 47 -51 -51 33 33 -44 -2 -2 47 47 5 5 54 54 -198 -9 -9 -9 -9 19 -37 40 40 -51 -51 47 47 -44 -44 -51 33 33 33 33 -79 -44 -44 -30 -30 -2 47 47 47 47 -65 5 54 54 54 54 -163 -9 -9 19 19
1 1 36 -167 85 85 -6 29 -69 78 78 29 -69 78 78 -34 -97 -97 15 15 -69 -195 -55 -13 29 29 -55 -13 29 29 22 64 64 71 71 -118 -62 -20 22 22 15 57 57 64 64 -125 15 57 57 64 64 -125 -6 -6 -90 -83
5 -65 5 -72 54 54 19 -72 12 -2 -2 19 -163 68 68 12 -2 -2 61 61 -58 -23 -9 -30 61 61 -23 -100 26 26 -30 61 61 19 19 -100 5 -16 75 75 -2 -121 -121 68 68 -51 -16 75 75 33 33 -191 68 68 -51 -93
82 -198 33 26 89 68 75 -149 -51 47 26 26 19 82 61 -100 -2 -23 -9 -30 -72 -51 75 68 -184 5 -100 -107 -44 -65 19 82 61 75 54 12 68 61 -86 -2 -58 40 19 33 12 -30 12 75 54 68 47 5 -16 -37 -79 -86
51 9 -5 -12 44 23 30 51 44 -75 -201 9 2 23 2 -12 44 23 37 16 -103 37 23 16 -33 51 -159 -61 30 9 -75 16 -5 9 -12 44 37 30 -54 30 16 -33 51 -40 44 -75 -61 30 9 23 2 23 9 -12 44 37
40 -23 -23 -121 47 40 33 33 40 -37 -44 -30 -23 40 33 -23 40 33 47 40 -142 -58 47 54 12 5 -16 -9 -156 -58 -9 54 47 61 54 12 40 47 5 -2 -163 5 -2 12 5 -72 -16 47 40 54 47 5 -51 -58 5 12
-64 -127 -15 -15 6 6 -64 48 48 69 69 -15 -15 6 6 -64 83 83 83 83 -211 -169 48 48 69 69 -15 -15 6 6 -64 83 83 83 83 -106 48 48 69 69 -106 -64 -64 -64 -64 -43 -64 83 83 83 83 -106 -71 -71 -29 -29
26 -44 47 -149 26 40 -9 47 -9 5 40 12 -79 -9 5 12 47 -44 -9 5 40 26 -23 26 -65 -30 47 -44 26 40 47 -23 -9 26 40 -30 47 -9 5 40 47 -149 -9 5 40 -51 12 47 -149 -9 5 40 47 -44 -9 40
-9 -16 -58 -149 -58 -30 -9 54 68 54 -128 47 61 47 -30 19 5 33 19 47 33 -16 47 61 47 -30 40 54 40 -37 12 -2 26 12 40 26 -58 -149 -58 -30 19 5 33 19 47 33 12 -2 26 12 40 26 -170 -37 -51 -37
3 -11 17 17 17 3 3 10 10 -25 -144 17 17 17 3 3 24 10 24 10 -25 -11 17 17 17 3 -32 -32 -32 -11 -25 -4 17 -4 17 17 17 17 17 3 3 24 10 24 10 -25 -25 -4 17 -4 17 17 -123 3 24 24
-9 -2 33 -177 75 75 -2 33 -72 75 75 40 -65 82 82 -30 -93 -93 12 12 -51 -93 -58 -23 19 19 -51 -16 26 26 19 61 61 61 61 -107 -156 -16 26 26 19 61 61 61 61 -107 26 68 68 68 68 -205 -2 -2 -65 -65
-6 -6 29 -76 85 85 -13 22 -83 78 78 22 -83 78 78 -48 -97 -97 8 8 -62 -195 -55 -20 36 36 -55 -20 36 36 15 71 71 71 71 -209 -62 -27 29 29 8 64 64 64 64 -111 8 64 64 64 64 -111 -6 -6 -76 -76
2 65 -12 -75 65 65 79 -208 -61 79 79 65 -103 37 37 -75 65 65 -103 -103 37 -5 -47 -5 -5 -5 16 58 -82 -82 -19 16 16 58 58 -82 30 72 -33 -33 -110 30 30 72 72 -33 58 -12 -12 30 30 -215 58 58 -12 30
-204 -43 -106 -113 -29 -29 76 13 6 90 90 69 62 -64 -64 -1 83 83 76 76 -71 76 13 6 90 90 69 62 -64 -64 -1 83 83 76 76 -71 -162 -64 55 55 -127 -8 -8 -15 -15 -57 -71 48 48 41 41 -106 -22 -22 -64 -71
36 -69 15 8 50 50 36 -146 -48 29 29 15 8 50 50 -69 8 8 1 1 -62 -41 43 36 -27 -27 -62 -174 -27 -27 15 57 57 50 50 -13 43 36 -27 -27 -41 36 36 29 29 -34 15 57 57 50 50 -13 8 8 -160 -62
6 6 76 -106 111 97 6 76 -106 111 97 76 -106 111 97 -141 -134 -43 -106 -120 -8 -253 -78 6 -8 -22 -78 6 -8 -22 76 62 48 111 97 -127 -78 6 -8 -22 76 62 48 111 97 -127 76 62 48 111 97 -127 -134 -43 -57 -8
54 47 -44 -142 47 54 47 -9 -2 47 -51 -16 -9 19 47 -100 -16 -9 -9 -2 47 -37 47 54 -37 -30 40 47 -170 -37 -44 40 47 47 54 -37 40 47 -65 -37 -9 40 -58 47 -51 -37 -16 12 40 19 47 -65 -16 -9 40 47
30 9 -5 -12 23 30 9 30 23 -47 -145 9 2 2 9 -12 23 30 16 23 -47 30 16 9 9 16 -145 -47 23 30 -61 9 16 2 9 9 30 23 -12 -5 9 9 16 2 9 -61 -47 23 30 16 23 -12 2 9 9 2
-30 26 -30 -170 33 26 40 -16 -51 47 40 40 5 -2 -9 -51 47 40 12 5 -2 40 -16 -30 47 40 40 26 -37 -44 -30 47 40 33 26 -37 -51 40 12 5 -16 -149 -51 47 40 12 40 12 5 -2 -9 -177 47 40 12 -2
33 -30 -93 -93 40 33 19 61 61 -51 -58 -2 -2 26 19 -65 68 61 68 61 -156 -72 75 75 -2 -9 12 12 -170 -72 -51 82 75 82 75 -2 61 61 -16 -23 -212 26 19 26 19 -93 -65 68 61 68 61 -16 -100 -107 26 26
4 -6 2 1 6 6 5 -22 -8 2 2 3 2 7 7 -10 0 0 -1 -1 1 -9 4 3 3 3 -6 -7 -7 -7 1 6 6 5 5 -13 5 4 4 4 -8 2 2 1 1 -2 2 7 7 6 6 -27 -1 -1 1 0
5 -6 2 2 5 5 -7 6 6 -14 4 -5 -5 -7 -22 3 6 6 6 6 4 5 -2 -2 -2 1 2 2 5 5 -10 -2 -7 -2 -7 1 6 6 -14 4 -1 -1 2 -1 2 -3 3 6 6 6 6 4 -1 -21 2 2
-2 68 -16 -86 68 68 75 -114 -79 75 75 61 -114 40 40 -93 61 61 -114 -114 40 -9 -58 -2 -9 -9 12 68 -79 -79 -16 12 12 68 68 -79 19 75 -37 -37 -114 19 19 75 75 -37 61 -16 -16 40 40 -212 61 61 -16 40
5 12 47 -51 68 54 12 47 -51 68 54 54 -44 75 61 -114 -100 -9 -93 -107 12 -198 -58 5 -2 -16 -51 12 5 -9 47 40 26 68 54 -58 -51 12 5 -9 47 40 26 68 54 -58 54 47 33 75 61 -156 -100 -9 -16 12
31 -81 17 17 31 31 -53 45 45 24 24 -67 -67 -53 -53 -95 45 45 45 45 24 31 3 3 -53 -53 17 17 31 31 -32 3 3 3 3 -53 45 45 24 24 -4 -4 -4 -4 -4 -165 -95 45 45 45 45 24 -4 -4 -4 -4
-186 -46 -4 -4 10 -4 -46 -4 -4 10 -4 31 31 45 31 17 52 38 52 38 -53 -46 -4 -4 10 -4 31 31 45 31 17 52 38 52 38 -53 31 31 45 31 17 52 38 52 38 -53 -88 -53 -32 -53 -32 -18 -172 -46 -11 -11
16 -54 -12 -12 9 23 -5 72 72 -82 -173 2 2 -12 2 -61 65 79 65 79 -75 16 58 58 -26 -12 -117 -117 9 23 -75 51 65 51 65 -19 72 72 -47 -33 -96 30 44 30 44 -110 -61 65 79 65 79 -40 -103 -194 37 37
54 -107 -2 -93 54 54 54 33 47 -51 -51 -2 -93 54 54 -9 33 33 47 47 -156 -51 54 68 5 5 -107 -93 -51 -51 12 54 54 68 68 5 54 68 5 5 -163 -16 -16 -2 -2 -100 12 54 54 68 68 5 -58 -58 -16 -2
73 -39 -67 -165 73 80 -102 80 87 10 17 -32 -25 -102 -200 -53 80 87 87 94 17 66 38 45 -67 -60 -74 -67 66 73 -95 38 45 45 52 -60 73 80 3 10 -53 -25 -18 -18 -11 -228 -60 73 80 80 87 10 -53 -46 -18 -11
40 -156 12 -2 47 54 47 -135 -44 40 47 19 5 54 61 -72 12 19 -2 5 -51 -23 40 26 -30 -23 -51 -65 -16 -9 -2 47 54 33 40 -16 47 33 -23 -121 -44 40 47 26 33 -23 5 54 61 40 47 -9 -2 5 -156 -65
38 -46 38 -144 38 52 -11 38 -4 17 52 -11 -88 -11 3 -4 38 -53 -4 10 52 31 -25 38 -81 -46 31 -46 31 45 38 -25 -11 38 52 -46 31 -11 10 45 38 -46 -11 17 52 -172 -11 31 -60 -11 3 45 38 -53 -11 52
25 39 11 -73 39 39 53 -185 -59 53 53 39 -45 32 32 -73 39 39 -45 -45 32 -10 -3 18 -10 -10 11 32 -66 -66 4 11 11 32 32 -66 25 46 -17 -17 -87 25 25 46 46 -17 32 4 4 25 25 -178 32 32 4 25
26 33 61 -205 82 68 26 54 -107 75 61 61 -100 82 68 -72 -100 -9 -51 -65 12 -191 -58 26 -2 -16 -51 33 5 -9 61 33 19 82 68 -65 -58 26 -2 -16 54 26 12 75 61 -72 61 33 19 82 68 -170 -100 -9 -37 12
24 -60 -32 -102 24 31 45 38 3 -11 -4 -11 -81 45 52 -53 38 45 3 10 -4 45 38 24 -46 -39 -11 -60 45 52 -32 38 45 24 31 -39 -46 45 10 17 38 3 10 -11 -4 -179 -11 -46 -144 45 52 17 38 45 10 -4
75 -86 -16 -16 75 68 75 19 19 -170 -72 -16 -16 75 68 -72 19 12 19 12 -72 -100 75 75 26 19 -86 -86 -100 -107 -121 75 68 75 68 19 75 75 26 19 19 -30 -37 -30 -37 -121 -121 75 68 75 68 19 19 12 -37 -37
68 33 54 -121 68 33 75 -114 -79 5 75 61 -114 75 40 -93 -9 61 -79 -114 75 -44 12 68 -9 -44 -23 33 -79 -114 54 12 -23 68 33 -79 19 75 -2 -37 -114 -51 19 5 75 -2 61 19 -16 75 40 -177 -9 61 19 75
71 -6 29 -76 71 -13 85 -90 15 -69 78 43 -167 85 1 -27 -90 36 15 -69 78 22 57 57 -132 15 -55 -20 22 -97 15 57 -62 57 -27 15 71 71 -118 29 1 -83 64 -83 64 -125 29 71 -153 71 -13 29 1 22 64 64
26 -2 -9 -9 26 19 -2 26 26 -65 -51 -2 -2 -2 -9 -9 26 19 26 19 -51 26 19 19 -2 12 -44 -44 26 19 -156 19 12 19 12 12 26 26 -30 -16 19 -2 12 -2 12 -79 -44 26 19 26 19 -16 19 12 12 12
-76 -6 85 85 -13 36 -20 71 71 -27 22 36 36 -97 -153 -209 29 78 29 78 -55 -83 8 8 -90 -41 78 78 -20 29 -62 71 -90 71 -90 22 64 64 -34 15 -76 57 1 57 1 8 -111 22 71 22 71 -62 -118 -69 64 64
68 -65 -2 -93 61 61 68 26 40 -51 -51 -2 -93 61 61 -30 19 19 33 33 -163 -205 68 82 26 26 -65 -51 -107 -107 12 61 61 75 75 19 68 82 26 26 -170 -16 -16 -2 -2 -93 12 61 61 75 75 19 -72 -72 -23 -9
38 -102 -137 -137 38 45 -67 108 108 -32 -25 -32 -32 -67 -60 -67 108 115 108 115 -25 24 94 94 -81 -74 -46 -46 24 31 -81 94 101 94 101 -74 94 94 -46 -39 -151 24 31 24 31 -249 -81 94 101 94 101 -39 -151 -249 31 31
36 -41 29 -153 36 29 15 50 8 -69 50 8 -69 15 8 1 50 -62 8 1 50 43 -27 36 -41 -27 36 -41 43 36 29 -27 -34 36 29 -27 57 15 -167 57 50 -27 -13 -69 50 -27 8 57 -160 15 8 57 50 -62 -13 50
79 30 -26 -26 72 16 -215 79 79 -68 -19 30 30 -117 -68 -26 72 16 72 16 -26 79 23 23 -89 65 -26 -26 72 16 -222 16 -75 16 -75 58 79 79 -68 -19 23 -89 65 -89 65 -82 -26 72 16 72 16 -26 16 -75 58 58
-23 68 -23 -93 68 68 75 -121 -86 75 75 75 -100 26 26 -86 75 75 -100 -100 26 12 -79 -23 12 12 12 68 -72 -72 -23 12 12 68 68 -72 19 75 -30 -30 -121 19 19 75 75 -30 75 -30 -30 26 26 -219 75 75 -30 26
12 -72 -2 -2 12 12 12 61 61 -170 -65 -2 -2 12 12 -58 61 61 61 61 -65 -2 68 68 -23 -23 -121 -121 -2 -2 -51 68 68 68 68 -23 68 68 -23 -23 -93 26 26 26 26 -100 -51 68 68 68 68 -23 -93 -198 26 26
9 0 -16 -30 9 8 5 9 10 -21 -7 0 1 5 4 -15 9 8 10 9 -7 -9 10 11 0 -1 1 2 -9 -10 -14 10 9 11 10 -1 6 7 -4 -5 -4 0 -1 1 0 -16 -13 6 5 7 6 -5 -4 -5 -1 0
40 -23 -30 -23 33 33 47 40 47 -37 -37 -23 -121 40 40 -23 33 33 40 40 -149 -156 47 54 5 5 -16 -9 -58 -58 -16 40 40 47 47 -2 54 61 12 12 -156 5 5 12 12 -72 -9 47 47 54 54 5 -58 -58 -2 5
72 37 58 -201 72 37 72 -117 -61 2 72 58 -96 72 37 -75 -12 58 -61 -96 72 -40 16 72 -5 -40 -19 37 -75 -110 58 16 -19 72 37 -75 16 72 -5 -40 -117 -54 16 2 72 -5 58 16 -19 72 37 -180 -12 58 16 72
-9 -9 -51 -156 -51 -9 -16 47 47 47 -121 47 47 47 -16 5 5 47 5 47 47 -16 47 47 47 -16 47 47 47 -121 5 5 47 5 47 47 -65 -65 -65 -23 -2 -2 40 -2 40 40 -2 -2 40 -2 40 40 -79 -37 -142 -37
23 30 23 -61 30 30 51 -201 -75 51 51 51 -33 23 23 -75 51 51 -33 -33 23 2 -5 16 2 2 2 23 -61 -61 16 2 2 23 23 -61 23 44 -5 -5 -103 23 23 44 44 -5 44 -5 -5 16 16 -173 44 44 -5 16
73 -46 -130 -228 73 73 -123 108 115 -4 -4 -11 -4 -123 -123 -88 108 108 115 115 -4 52 73 80 -74 -74 -46 -39 52 52 -123 73 73 80 80 -74 87 94 -25 -25 -95 -4 -4 3 3 -256 -109 87 87 94 94 -25 -95 -95 -4 3
61 -37 5 5 75 61 61 -23 -23 -58 33 5 5 75 61 -219 -9 -58 -9 -58 47 -121 61 61 -9 -23 -37 -37 -107 -121 5 75 61 75 61 -114 61 61 -9 -23 -23 -58 33 -58 33 -37 5 75 61 75 61 -114 -9 -58 47 47
51 -5 -96 -194 51 58 -54 65 72 2 9 9 16 -54 -152 -75 65 72 72 79 9 30 44 51 -54 -47 -12 -5 30 37 -96 44 51 51 58 -47 44 51 -19 -12 -40 -5 2 2 9 -201 -96 44 51 51 58 -12 -40 -33 2 9
-40 30 -110 -208 30 23 23 -12 -5 23 16 58 65 -12 -19 -75 58 51 65 58 -19 2 2 9 2 -5 72 79 -33 -40 -61 72 65 79 72 -40 65 72 -180 -82 -68 65 58 72 65 -82 -103 30 23 37 30 -117 -103 -110 23 30
68 75 89 -198 33 33 -2 12 -65 61 61 -191 -58 68 68 -44 82 82 -100 -100 26 19 -72 61 -23 -23 40 68 -51 -51 82 -2 -2 26 26 -198 -37 -9 12 12 5 -79 -79 54 54 -30 -93 33 33 61 61 -58 75 75 -9 19
40 -23 -93 -191 40 47 19 54 61 -58 -51 -9 -2 19 26 -72 54 61 61 68 -51 -65 75 82 -2 5 12 19 -65 -163 -51 75 82 82 89 5 54 61 -23 -16 -114 12 19 19 26 -198 -72 54 61 61 68 -16 -114 -107 19 26
-65 -23 -65 -65 12 12 26 -16 -16 61 61 26 26 -2 -2 -16 61 61 61 61 -198 33 -9 -9 68 68 33 33 -100 -100 -9 68 68 68 68 -86 -58 -58 54 54 -205 12 12 12 12 -37 -58 54 54 54 54 -100 12 12 -37 -37
-74 -151 -4 -4 -4 -18 -74 73 73 73 59 -4 -4 -4 -18 -102 108 94 108 94 -221 -179 73 73 73 59 -4 -4 -4 -18 -102 108 94 108 94 -116 73 73 73 59 -130 -130 -39 -130 -39 -39 -102 108 94 108 94 -116 -95 -109 -4 -4
8 -7 5 -22 8 8 0 7 0 -5 10 -3 -15 0 0 -3 7 -8 0 0 10 8 0 8 -17 -17 5 -7 8 8 5 0 0 8 8 -17 7 0 -5 10 7 -13 2 -5 10 -15 -3 7 -23 0 0 10 7 -8 2 10
75 12 -16 -16 68 12 -212 75 75 -51 -2 12 12 -114 -65 -16 68 12 68 12 -9 75 26 26 -100 54 -16 -16 68 12 -205 19 -72 19 -72 47 75 75 -51 -2 26 -100 54 -100 54 -72 -16 68 12 68 12 -9 19 -72 47 47
101 -151 24 24 108 94 101 -179 -74 45 31 24 24 108 94 -151 -32 -46 -32 -46 -67 -74 101 101 -130 -39 -151 -256 -67 -81 24 108 94 108 94 -32 101 101 -130 -39 -74 45 31 45 31 -95 24 108 94 108 94 -32 -32 -46 -67 -67
75 -100 26 26 82 61 68 -156 -51 40 19 19 19 75 54 -100 -9 -30 -9 -30 -79 -51 75 75 -184 5 -100 -205 -44 -65 26 82 61 82 61 12 68 68 -86 -2 -51 40 19 40 19 -30 19 75 54 75 54 5 -9 -30 -79 -79
38 -11 -11 -11 38 3 -95 45 45 -67 24 -4 -4 -95 -25 -4 45 10 45 10 24 38 17 17 -60 31 -11 -11 38 3 -67 17 -53 17 -53 31 45 45 -67 24 24 -53 38 -53 38 -74 -4 45 10 45 10 24 24 -151 38 38
33 -72 19 19 33 33 -44 47 47 26 26 -93 -93 -44 -44 -107 47 47 47 47 26 33 -2 -2 -58 -58 19 19 33 33 -16 -2 -2 -2 -2 -58 47 47 26 26 12 -9 -9 -9 -9 -170 -107 47 47 47 47 26 12 12 -9 -9
51 -89 2 -96 58 44 51 37 44 -152 -61 2 -96 58 44 -5 44 30 51 37 -54 -33 58 65 9 -5 -187 -75 -26 -40 16 65 51 72 58 2 58 65 9 -5 -54 -5 -19 2 -12 -103 16 65 51 72 58 2 -152 -61 -12 -5
25 46 11 -164 46 46 46 -94 -59 46 46 32 -38 32 32 -73 32 32 -38 -38 32 -10 -10 25 -10 -10 11 46 -59 -59 11 11 11 46 46 -59 11 46 -24 -24 -94 11 11 46 46 -24 32 -3 -3 32 32 -178 32 32 -3 32
12 -79 -9 -9 5 5 5 75 75 -16 -16 -121 -121 -2 -2 -51 68 68 68 68 -23 12 61 61 -65 -65 -9 -9 5 5 -65 54 54 54 54 -72 75 75 -16 -16 -191 33 33 33 33 -198 -51 68 68 68 68 -23 -93 -93 26 26
22 -41 50 -146 22 50 -13 43 -13 -6 43 15 -76 -13 15 15 43 -55 -13 15 43 22 -27 22 -76 -27 50 -41 22 50 50 -27 -20 22 50 -27 43 -13 -6 43 43 -55 -27 -6 43 -55 15 43 -160 -13 15 43 43 -55 -27 43
31 -46 -46 -4 31 -4 24 24 31 -60 31 -53 -11 24 -11 -11 24 -11 31 -25 31 38 38 45 -151 45 -144 3 38 3 3 38 3 45 -11 45 31 38 -53 38 38 -53 38 -46 -81 -46 -4 31 -4 38 -18 38 38 -18 38 -81
23 -5 -12 -12 23 23 -5 23 23 -47 -47 -5 -5 -5 -5 -12 23 23 23 23 -47 23 16 16 16 16 -47 -47 23 23 -159 16 16 16 16 16 23 23 -12 -12 16 16 16 16 16 -159 -47 23 23 23 23 -12 16 16 16 16
58 -47 37 -152 51 58 2 51 2 -40 72 -19 -103 -5 2 -19 44 -54 -5 2 65 58 2 58 -89 -187 37 -47 51 58 37 -5 2 51 58 -89 51 2 -40 72 51 -96 16 -40 72 -75 -19 44 -159 -5 2 65 44 -54 9 65
4 6 4 -23 7 7 5 -12 -9 6 6 5 -7 3 3 -9 6 6 -6 -6 4 0 -2 4 1 1 0 6 -7 -7 4 1 1 7 7 -21 -1 5 -3 -3 -12 0 0 6 6 -2 5 -3 -3 3 3 -10 6 6 -2 4
89 -121 -114 -114 89 82 -93 124 124 -23 -30 -86 -86 -93 -100 -100 124 117 124 117 -30 89 96 96 -191 -93 -114 -114 89 82 -128 96 89 96 89 -93 124 124 -23 -30 -100 -16 -23 -16 -23 -205 -100 124 117 124 117 -30 -100 -107 -23 -23
-74 59 -53 -158 59 52 -46 -53 -53 -46 -53 80 80 -18 -25 -32 80 73 80 73 -25 59 -158 -53 59 52 80 80 -158 -60 -32 80 73 80 73 -60 80 80 -18 -25 -32 80 73 80 73 -25 -109 3 -4 3 -4 -137 -109 -116 -4 -4
-6 -76 -6 -139 22 22 -20 -6 22 43 43 -20 -48 8 8 22 43 43 50 50 -55 -13 1 29 50 50 -13 -41 15 15 29 50 50 57 57 -153 -13 15 36 36 -76 -55 -55 -27 -27 -27 15 36 36 43 43 -62 -27 -27 -27 -20
36 -41 -34 -34 22 22 36 43 43 -41 -41 -34 -34 22 22 -48 29 29 29 29 -55 -153 64 64 15 15 -13 -13 -62 -62 -27 50 50 50 50 1 64 64 15 15 -160 22 22 22 22 -167 -27 50 50 50 50 1 -69 -69 8 8
15 -69 1 1 15 8 1 71 71 -20 -27 -118 -118 1 -6 -69 71 64 71 64 -27 15 64 64 -167 -69 1 1 15 8 -76 64 57 64 57 -69 71 71 -20 -27 -111 29 22 29 22 -104 -69 71 64 71 64 -27 -111 -118 22 22
-2 0 6 6 0 -2 -2 4 4 -7 -24 6 6 0 -2 -6 6 4 6 4 -7 0 6 6 0 -2 -12 -12 -3 0 -9 3 6 3 6 0 6 6 0 -2 -6 6 4 6 4 -7 -9 3 6 3 6 0 -24 -6 6 6
-25 38 -53 -186 38 38 38 -18 -46 38 38 45 17 -4 -4 -74 45 45 17 17 -4 38 -18 -25 38 38 45 38 -39 -39 -53 45 45 38 38 -39 -60 38 -4 -4 -18 -60 -60 38 38 -4 45 3 3 -4 -4 -186 45 45 3 -4
-39 73 -60 -165 73 73 -109 -32 -32 -109 -109 80 80 3 3 -53 80 80 80 80 3 73 -165 -60 73 73 52 52 -60 -60 -81 52 52 52 52 -60 80 80 3 3 -53 80 80 80 80 3 -46 -18 -18 -18 -18 -235 -46 -46 -18 -18
4 11 25 -80 53 53 11 25 -80 53 53 32 -73 60 60 -59 -31 -31 -31 -31 -24 -171 -52 4 11 11 -45 11 18 18 25 32 32 53 53 -66 -45 11 18 18 25 32 32 53 53 -66 32 39 39 60 60 -164 -31 -31 -45 -24
43 22 43 -55 43 15 50 -34 -27 -55 43 50 -153 50 22 -27 -34 43 -27 -55 43 -6 15 43 -6 -13 -41 22 -6 -174 43 15 -48 43 15 -13 22 50 1 -6 -34 -83 15 -55 43 -6 50 22 -41 50 22 -6 -34 43 15 43
10 17 10 -116 10 10 17 10 -11 10 10 17 -4 17 17 -11 10 10 -11 -11 -11 -18 -25 10 10 10 -18 17 17 17 10 10 10 10 10 -11 -123 17 17 17 10 10 10 10 10 -11 17 17 17 17 17 -109 10 10 -11 -11
-19 72 -33 -89 72 72 79 -131 -82 79 79 65 -96 30 30 -96 65 65 -96 -96 30 2 -68 -19 2 2 23 72 -82 -82 -33 23 23 72 72 -82 30 79 -40 -40 -131 30 30 79 79 -40 65 -19 -19 30 30 -229 65 65 -19 30
26 -2 -9 -9 26 19 5 33 33 -142 -44 5 5 5 -2 -23 33 26 33 26 -44 19 12 12 12 5 -51 -51 19 12 -79 12 5 12 5 5 26 26 -9 -16 -2 19 12 19 12 -58 -65 26 19 26 19 -16 -2 -9 12 12
128 100 -19 -26 121 -89 100 -19 -26 -89 121 -187 -89 93 93 -208 -26 -26 -33 -33 114 -208 128 121 -82 -82 100 93 -110 -110 -26 121 -89 114 -96 -89 100 93 -110 -110 -26 -89 121 -96 114 -89 -89 93 93 86 86 -117 -33 -33 114 107
51 -26 -5 -5 72 58 58 -26 -26 -54 37 2 2 79 65 -222 -5 -54 -5 -54 58 -110 51 51 -12 -26 -26 -26 -89 -103 -5 72 58 72 58 -110 58 58 -5 -19 -26 -54 37 -54 37 -26 2 79 65 79 65 -208 -5 -54 58 58
23 -61 -131 -131 30 30 2 72 72 -47 -47 -12 -12 9 9 -82 79 79 79 79 -40 23 58 58 -26 -26 -26 -26 30 30 -96 65 65 65 65 -19 72 72 -82 -82 -103 23 23 23 23 -131 -82 79 79 79 79 -180 -96 -96 30 30
58 -89 2 -187 65 51 51 37 58 -145 -54 -5 -89 58 44 2 44 30 65 51 -47 -40 51 72 9 -5 -96 -75 -33 -47 16 58 44 79 65 2 44 65 2 -12 -54 -12 -26 9 -5 -103 9 51 37 72 58 -5 -152 -61 -19 2
47 19 -9 -9 47 40 -65 47 47 -37 -44 19 19 -65 -177 -9 47 40 47 40 -44 47 -2 -2 -51 47 -9 -9 47 40 -198 -2 -44 -2 -44 47 47 47 -37 -44 -2 -51 47 -51 47 -37 -9 47 40 47 40 -44 -2 -44 47 47
26 -142 40 -51 26 47 -2 40 -16 5 47 12 -79 -2 19 -2 40 -44 -16 5 47 33 -30 19 -65 -23 47 -44 33 54 33 -30 -9 19 40 -23 47 -9 12 54 33 -51 -9 -2 40 -149 5 47 -142 -9 12 54 33 -51 -9 40
-3 -80 53 53 11 32 -3 4 4 -73 -52 53 53 11 32 -66 18 39 18 39 -143 -87 46 46 4 25 -31 -31 -73 -52 -24 60 -24 60 -24 39 46 46 4 25 -73 11 32 11 32 -45 -24 60 -24 60 -24 39 -164 -38 46 46
9 -54 2 -5 2 16 9 65 58 -75 -166 2 -5 2 16 -54 58 72 51 65 -68 16 72 65 -33 -19 -201 -103 9 23 -47 65 79 58 72 -26 72 65 -33 -19 -89 23 37 16 30 -103 -47 65 79 58 72 -26 -96 -187 30 23
64 -83 1 -90 64 64 64 22 36 -55 -55 1 -90 64 64 -27 22 22 36 36 -160 -125 64 78 22 22 -83 -69 -125 -125 15 64 64 78 78 22 64 78 22 22 -174 -20 -20 -6 -6 -97 15 64 64 78 78 22 -69 -69 -20 -6
2 -1 2 2 2 1 -1 7 7 -23 -9 4 4 -1 -2 -11 7 6 7 6 -9 2 5 5 0 -1 -13 -13 2 1 -13 5 4 5 4 -1 7 7 -3 -4 -8 5 4 5 4 -11 -11 7 6 7 6 -4 -8 -9 4 4
16 2 16 16 9 16 -5 44 44 -68 -166 30 30 -12 -5 -61 37 44 37 44 -68 23 37 37 -5 2 -117 -117 16 23 -103 30 37 30 37 -5 51 51 -26 -19 -40 23 30 23 30 -82 -89 44 51 44 51 -26 -47 -40 23 23
12 -65 -2 68 54 68 12 -30 -65 -79 -170 -2 68 54 68 26 12 26 -23 -9 -23 -51 -93 82 68 82 -65 -205 -114 -100 68 54 68 19 33 19 -93 82 68 82 40 26 40 -9 5 -9 68 54 68 19 33 19 -58 -149 -58 -93
-2 -29 1 -7 1 1 -2 8 5 8 -22 1 -7 1 1 8 -4 11 8 8 11 -3 7 4 7 -8 0 -8 0 0 7 -5 10 7 7 10 7 4 7 -8 -1 -13 2 -1 -1 2 7 -5 10 7 7 10 -18 -18 -15 -18
61 -37 -2 5 75 68 61 -30 -23 -58 40 -2 5 75 68 -121 -16 -58 -9 -156 54 -121 54 61 -9 -16 -44 -37 -107 -114 -2 68 61 75 68 -107 54 61 -9 -16 -30 -65 33 -58 40 -30 -2 68 61 75 68 -107 -16 -58 47 54
-10 11 46 39 -17 11 -10 25 18 -73 -150 46 39 -17 11 -31 18 46 11 39 -52 11 46 39 -17 11 -178 -80 4 -3 -45 39 32 32 25 4 46 39 -17 11 -31 18 46 11 39 -52 -45 39 32 32 25 4 -38 -150 39 32
-15 -127 -15 -162 20 20 -29 -57 41 83 83 -29 -71 6 6 41 83 83 76 76 -113 -22 -50 48 90 90 -22 -64 13 13 48 90 90 83 83 -211 -64 34 76 76 -99 -57 -57 -64 -64 -43 34 76 76 69 69 -120 -64 -64 -43 -50
38 31 38 -158 31 31 38 -81 -46 38 38 38 -53 31 31 -46 38 38 -53 -53 31 -4 -18 38 -4 -4 -4 31 -46 -46 38 -4 -4 31 31 -46 -18 38 -4 -4 -81 -18 -18 38 38 -4 38 -4 -4 31 31 -151 38 38 -4 31
58 -61 37 -61 58 44 2 65 2 -19 72 -19 -222 2 -12 -19 65 -54 2 -12 72 58 -19 58 -103 -117 37 -61 58 44 37 -19 -33 58 44 -117 65 2 -19 72 65 -201 -5 -19 72 -89 -19 65 -54 2 -12 72 65 -54 -5 72
2 23 -12 -19 23 23 30 -145 -47 30 30 16 9 16 16 -61 16 16 9 9 16 2 2 -5 2 2 23 16 -47 -47 -19 23 23 16 16 -47 30 23 -5 -5 -47 30 30 23 23 -5 9 16 16 9 9 -159 9 9 16 9
-32 -25 -60 -60 -67 -81 -88 87 87 80 -39 94 94 87 -32 -46 -53 38 -53 38 31 -67 108 108 101 -123 115 115 108 -221 -25 -32 59 -32 59 52 -158 -158 -165 -74 17 10 101 10 101 94 24 17 108 17 108 101 -158 -172 -74 -74
-173 -103 -26 -26 30 23 -68 9 9 65 58 -26 -26 30 23 16 72 65 72 65 -89 -68 9 9 65 58 -26 -26 30 23 16 72 65 72 65 -89 9 9 65 58 -54 2 -5 2 -5 -54 16 72 65 72 65 -194 -201 -103 -47 -47
19 -86 -23 -23 19 19 12 75 75 -23 -23 -135 -135 12 12 -72 75 75 75 75 -23 19 61 61 -72 -72 -23 -23 19 19 -86 61 61 61 61 -72 75 75 -23 -23 -93 19 19 19 19 -219 -72 75 75 75 75 -23 -93 -93 19 19
-177 -44 -2 -2 19 12 -44 -2 -2 19 12 26 26 47 40 12 54 47 54 47 -142 -51 -9 -9 12 5 19 19 40 33 5 47 40 47 40 -44 19 19 40 33 5 47 40 47 40 -44 -72 -30 -37 -30 -37 -16 -149 -51 -9 -9
40 5 -16 -16 40 -2 -107 47 47 -93 26 12 12 -107 -9 -9 47 5 47 5 26 40 19 19 -51 33 -16 -16 40 -2 -72 19 -58 19 -58 33 47 47 -93 26 26 -44 40 -44 40 -65 -9 47 5 47 5 26 26 -156 40 40
-57 -113 -71 -71 -64 -64 48 90 90 -8 -8 -71 -71 41 41 -29 83 83 83 83 -15 48 90 90 -8 -8 -71 -71 41 41 -29 83 83 83 83 -15 69 69 -64 -64 -204 13 13 13 13 -225 -50 62 62 62 62 -71 -106 -106 6 6
80 -32 -60 -158 80 80 73 45 52 -60 -60 -67 -60 73 73 -88 45 45 52 52 -165 -207 80 87 10 10 -32 -25 -102 -102 -53 80 80 87 87 10 73 80 3 3 -53 -25 -25 -18 -18 -130 -60 73 73 80 80 3 -53 -53 -25 -18
-4 3 66 -102 108 94 3 66 -102 108 94 73 -95 115 101 -137 -137 -46 -95 -109 -4 -249 -81 -4 -4 -18 -74 3 3 -11 66 66 52 108 94 -116 -74 3 3 -11 66 66 52 108 94 -116 73 73 59 115 101 -214 -137 -46 -46 -4
45 17 -11 -11 52 38 45 -4 -4 -46 45 -11 -11 52 38 -200 3 -46 3 -46 52 -67 45 45 -32 -46 17 17 -95 -109 -11 52 38 52 38 -74 45 45 -32 -46 -4 -46 45 -46 45 -32 -11 52 38 52 38 -74 3 -46 52 52
47 -16 -86 -184 47 47 26 61 68 -51 -156 -2 5 26 26 -65 61 61 68 68 -51 -65 75 82 -2 -2 12 19 -170 -65 -51 75 75 82 82 -2 54 61 -23 -23 -114 12 12 19 19 -100 -72 54 54 61 61 -23 -114 -114 12 19
86 9 65 -124 86 9 86 -68 -47 -68 86 65 -124 86 9 -68 -68 65 -47 -124 86 -12 44 86 -61 -12 -68 9 -12 -229 65 44 -68 86 9 -12 44 86 -61 -12 -68 -110 44 -68 86 -61 65 44 -68 86 9 -12 -68 65 44 86
47 -30 -93 -93 33 26 33 75 75 -149 -51 -2 -2 19 12 -65 61 54 61 54 -65 -163 89 89 5 -2 12 12 -72 -79 -51 75 68 75 68 -16 75 75 -9 -16 -198 33 26 33 26 -93 -65 61 54 61 54 -30 -107 -114 12 12
12 -72 -107 -107 5 5 5 75 75 -23 -23 -9 -9 -2 -2 -65 68 68 68 68 -30 5 75 75 -23 -23 -9 -9 -2 -2 -65 68 68 68 68 -30 68 68 -65 -65 -198 40 40 40 40 -198 -72 61 61 61 61 -72 -100 -100 33 33
-61 30 -117 -215 30 23 23 -19 -12 23 16 72 79 -26 -33 -68 72 65 79 72 -33 23 -19 -12 23 16 72 79 -26 -33 -68 72 65 79 72 -33 65 72 -173 -75 -75 65 58 72 65 -75 -89 16 9 23 16 -124 -89 -96 9 16
-30 5 68 68 -30 5 -30 33 33 -100 -170 68 68 -30 5 -100 33 68 33 68 -65 5 68 68 -30 5 -107 -107 5 -65 -65 68 -2 68 -2 5 68 68 -30 5 -100 33 68 33 68 -65 -65 68 -2 68 -2 5 -205 -65 68 68
-6 -62 50 50 15 29 -6 1 1 -69 -55 50 50 15 29 -69 22 36 22 36 -139 -69 43 43 8 22 -13 -13 -153 -34 -27 64 -27 64 -27 43 43 43 8 22 -76 15 29 15 29 -41 -27 64 -27 64 -27 43 -160 -41 50 50
52 -88 -130 -228 52 52 -60 108 115 -25 -25 -32 -25 -60 -60 -67 108 108 115 115 -25 31 94 101 -74 -74 -46 -39 31 31 -81 94 94 101 101 -74 87 94 -46 -46 -158 17 17 24 24 -256 -88 87 87 94 94 -46 -158 -158 17 24
52 -88 -60 -158 45 59 -53 80 87 -25 -11 -60 -53 -60 -46 -25 73 87 80 94 -18 45 73 80 -67 -158 -67 -60 38 52 -32 66 80 73 87 -60 73 80 -32 -18 -102 -4 10 3 17 -130 -32 66 80 73 87 -25 -109 -200 3 10
65 51 -61 -159 65 44 72 -5 2 -19 65 -19 -12 72 -54 -124 -5 -26 2 -19 65 -110 58 65 -96 -12 44 51 -110 -26 -61 58 37 65 44 -12 65 72 -89 -5 -5 -26 58 -19 65 -201 -19 65 -61 72 -54 -5 -5 -26 58 65
-8 -8 34 34 -8 -8 -8 34 34 -43 -148 34 34 -8 -8 -50 34 34 34 34 -43 -8 34 34 -8 -8 -71 -71 -8 -8 -50 34 34 34 34 -8 34 34 -8 -8 -50 34 34 34 34 -43 -50 34 34 34 34 -8 -155 -50 34 34
4 11 32 -164 46 46 11 32 -59 46 46 39 -52 53 53 -31 -31 -31 -17 -17 -17 -66 -45 4 4 4 -38 11 11 11 32 32 32 46 46 -59 -143 11 11 11 32 32 32 46 46 -59 39 39 39 53 53 -157 -31 -31 -31 -17
46 39 -38 -136 39 46 39 -3 4 39 -59 -10 -3 11 39 -80 -10 -3 -3 4 39 -24 39 46 -24 -17 32 39 -157 -24 -38 32 39 39 46 -24 32 39 -52 -24 -3 32 -66 39 -59 -24 -10 4 32 11 39 -52 -10 -3 32 39
25 -31 -31 -73 25 25 39 39 -3 -10 -10 -17 -59 39 39 -59 39 39 -3 -3 -10 46 46 25 -38 -143 -10 -31 46 46 -31 46 46 25 25 -38 -45 39 11 11 39 11 11 -10 -10 -73 -17 -150 -45 39 39 11 39 39 11 -10
71 -76 -20 -20 71 64 71 22 22 -167 -69 -20 -20 71 64 -69 22 15 22 15 -69 -90 71 71 22 15 -76 -76 -90 -97 -125 71 64 71 64 15 71 71 22 15 22 -27 -34 -27 -34 -118 -125 71 64 71 64 15 22 15 -34 -34
-6 64 -20 -76 64 64 71 -118 -69 71 71 57 -104 36 36 -83 57 57 -104 -104 36 -6 -55 -6 -6 -6 15 64 -76 -76 -20 15 15 64 64 -76 22 71 -34 -34 -118 22 22 71 71 -34 57 -13 -13 36 36 -209 57 57 -13 36
9 -12 2 2 9 16 -33 16 16 -33 -5 -5 -5 -33 -26 9 16 23 16 23 -5 9 2 2 -12 16 2 2 9 16 -40 2 -26 2 -26 16 16 16 -33 -5 9 -5 23 -5 23 -26 9 16 23 16 23 -5 9 -124 23 23
-12 -124 -12 -159 16 16 -26 -54 44 79 79 -26 -68 2 2 44 79 79 72 72 -103 -19 -47 51 86 86 -19 -61 9 9 51 86 86 79 79 -201 -61 37 72 72 -96 -61 -61 -68 -68 -33 37 72 72 65 65 -110 -68 -68 -33 -40
9 16 9 -110 16 16 9 -19 -12 9 9 9 -5 16 16 -12 9 9 -5 -5 16 9 -19 9 9 9 9 16 -19 -19 9 9 9 16 16 -19 -19 9 9 9 -19 -19 -19 9 9 9 9 9 9 16 16 -124 9 9 9 16
48 -15 -127 -127 48 48 27 55 55 -50 -50 -8 -8 27 27 -120 55 55 55 55 -50 -64 69 69 -1 -1 6 6 -64 -64 -106 69 69 69 69 -1 48 48 -22 -22 -29 6 6 6 6 -204 -92 48 48 48 48 -22 -29 -29 6 6
34 -78 13 13 34 34 -50 41 41 27 27 -71 -71 -50 -50 -85 41 41 41 41 27 34 -1 -1 -50 -50 13 13 34 34 -22 -1 -1 -1 -1 -50 41 41 27 27 6 -8 -8 -8 -8 -162 -85 41 41 41 41 27 6 6 -8 -8
29 -62 15 15 29 29 -34 43 43 22 22 -83 -83 -34 -34 -111 43 43 43 43 22 29 1 1 -55 -55 15 15 29 29 -13 1 1 1 1 -55 43 43 22 22 15 -6 -6 -6 -6 -167 -111 43 43 43 43 22 15 15 -6 -6
37 -103 -75 -75 37 44 -54 79 79 -19 -12 -61 -61 -54 -47 -33 79 86 79 86 -12 37 65 65 -68 -61 -75 -75 37 44 -47 65 72 65 72 -61 79 79 -19 -12 -103 9 16 9 16 -222 -33 79 86 79 86 -12 -103 -201 16 16
57 -55 36 -55 57 50 1 57 1 -27 71 -20 -216 1 -6 -20 57 -55 1 -6 71 57 -27 57 -111 -118 36 -55 57 50 36 -27 -34 57 50 -118 57 1 -27 71 57 -111 -13 -27 71 -97 -20 57 -55 1 -6 71 57 -55 -13 71
30 -61 -33 -96 30 30 44 37 9 -5 -5 -19 -82 44 44 -54 37 37 9 9 -5 44 37 30 -40 -40 -19 -61 44 44 -33 37 37 30 30 -40 -54 44 9 9 37 2 2 -5 -5 -180 -19 -54 -54 44 44 9 37 37 2 -5
11 53 60 60 4 -73 -80 -73 -73 -24 4 -31 -31 18 46 -24 25 53 25 53 -3 74 81 81 -185 -52 18 18 67 -115 25 74 -108 74 -108 -59 -10 -10 39 67 -3 46 74 46 74 -87 -101 -52 11 -52 11 60 -150 18 67 67
60 -66 -3 -3 60 53 60 18 18 -164 -66 -3 -3 60 53 -66 18 11 18 11 -66 -101 67 67 25 18 -59 -59 -101 -108 -122 67 60 67 60 18 67 67 25 18 4 -17 -24 -17 -24 -101 -122 67 60 67 60 18 4 -3 -24 -24
-1 -11 -1 -20 2 2 -2 0 4 6 6 -2 -6 1 1 4 6 6 7 7 -9 -2 0 4 6 6 -2 -6 1 1 4 6 6 7 7 -9 -1 3 5 5 -10 -8 -8 -4 -4 -5 3 5 5 6 6 -10 -4 -4 -5 -4
-72 40 -72 -100 40 40 82 -51 -58 82 82 82 -51 -16 -16 -58 82 82 -51 -51 -16 68 -65 -72 68 68 68 40 -65 -65 -72 68 68 40 40 -65 -121 82 12 12 -51 -121 -121 82 82 12 82 12 12 -16 -16 -226 82 82 12 -16
-10 4 -10 -66 4 4 67 -73 -108 67 67 67 11 -24 -24 -108 67 67 11 11 -24 60 -80 -10 60 60 60 4 -66 -66 -10 60 60 4 4 -66 -108 67 32 32 -73 -108 -108 67 67 32 67 32 32 -24 -24 -199 67 67 32 -24
57 -27 -111 -111 57 50 -55 71 71 -6 -13 -13 -13 -55 -62 -97 71 64 71 64 -13 43 64 64 -153 -55 -20 -20 43 36 -104 64 57 64 57 -55 57 57 -20 -27 -27 1 -6 1 -6 -118 -111 57 50 57 50 -27 -27 -34 -6 -6
58 -82 -61 -159 58 51 -47 79 86 -12 -19 -61 -54 -47 -54 -33 79 72 86 79 -19 51 72 79 -159 -61 -68 -61 51 44 -40 72 65 79 72 -61 72 79 -19 -26 -110 2 -5 9 2 -131 -40 72 65 79 72 -26 -110 -117 -5 2
18 -10 -3 -3 18 11 18 25 25 -129 -31 -3 -3 18 11 -17 25 18 25 18 -31 11 18 18 4 -3 -45 -45 11 4 -59 18 11 18 11 -3 18 18 4 -3 4 11 4 11 4 -45 -59 18 11 18 11 -3 4 -3 4 4
10 -4 24 17 3 10 10 38 31 -53 -151 24 17 3 10 -60 31 38 24 31 -53 17 45 38 -11 -4 -179 -81 10 17 -53 38 45 31 38 -11 45 38 -11 -4 -39 17 24 10 17 -67 -53 38 45 31 38 -11 -46 -39 17 10
6 -9 2 2 7 7 6 -21 -6 4 4 2 2 7 7 -10 0 0 0 0 -10 -5 6 6 -4 -4 -9 -24 -4 -4 2 7 7 7 7 -3 6 6 -4 -4 -6 4 4 4 4 -6 2 7 7 7 7 -3 0 0 -10 -10
-11 3 38 38 3 -11 -11 24 24 -46 -165 38 38 3 -11 -32 38 24 38 24 -46 3 38 38 3 -11 -88 -88 -18 3 -53 17 38 17 38 3 38 38 3 -11 -32 38 24 38 24 -46 -53 17 38 17 38 3 -158 -32 38 38
-25 17 -25 -25 17 17 -18 -18 -18 -18 -18 24 24 -4 -4 -18 24 24 24 24 -4 17 -25 -25 17 17 17 17 -18 -18 -25 17 17 17 17 -18 24 24 -4 -4 -18 24 24 24 24 -4 -18 -4 -4 -4 -4 -60 -18 -18 -4 -4
25 -38 -38 -38 32 32 25 25 25 -45 -45 -38 -38 32 32 -38 32 32 32 32 -38 -59 46 46 11 11 -17 -17 -157 -52 -17 53 53 53 53 18 46 46 11 11 -59 11 11 11 11 -164 -17 53 53 53 53 18 -52 -157 18 18
4 -6 -14 -14 4 4 2 9 9 -8 -8 -1 -1 2 2 -12 9 9 9 9 -8 -11 11 11 -1 -1 1 1 -11 -11 -10 11 11 11 11 -1 9 9 -3 -3 -17 4 4 4 4 -28 -12 9 9 9 9 -3 -17 -17 4 4
23 -47 -47 -5 23 -5 23 23 30 -68 30 -47 -5 23 -5 -5 23 -5 30 -19 30 30 30 37 -61 37 -145 2 30 2 2 30 2 37 -12 37 30 37 -61 37 37 -61 37 -54 -82 -54 2 30 2 37 -12 37 37 -12 37 -82
1 -62 1 -69 57 57 15 -62 8 -6 -6 15 -160 71 71 8 -6 -6 64 64 -55 -27 1 -34 57 57 -27 -97 29 29 -34 57 57 22 22 -97 15 -20 71 71 8 -111 -111 64 64 -55 -20 71 71 36 36 -188 64 64 -55 -90
18 -38 18 -45 39 39 32 -73 25 -31 -31 32 -136 53 53 25 -31 -31 46 46 -10 -10 -10 -17 32 32 -10 -73 11 11 -17 32 32 4 4 -52 4 -3 46 46 -3 -59 -59 39 39 -17 -3 46 46 18 18 -143 39 39 -17 -45
-17 -17 -59 -150 -66 -31 -17 46 60 39 -31 46 60 39 -31 18 -3 32 11 46 25 -17 46 60 39 -31 46 60 39 -31 18 -3 32 11 46 25 -59 -150 -66 -31 18 -3 32 11 46 25 18 -3 32 11 46 25 -66 -136 -52 -38
11 -73 -10 -10 11 11 4 67 67 -17 -17 -122 -122 4 4 -59 67 67 67 67 -17 11 53 53 -66 -66 -10 -10 11 11 -73 53 53 53 53 -66 67 67 -17 -17 -101 25 25 25 25 -199 -59 67 67 67 67 -17 -101 -101 25 25
38 24 38 -137 31 31 24 -67 -32 31 31 24 -46 17 17 -32 31 31 -39 -39 24 -4 10 45 3 3 -4 31 -46 -46 45 3 3 38 38 -144 -4 31 -11 -11 -165 3 3 38 38 -4 31 -11 -11 24 24 -53 38 38 -4 31
-68 -89 -33 -33 -61 -61 44 100 100 -33 -33 -131 -131 51 51 -75 107 107 107 107 -26 30 86 86 -47 -47 -40 -40 37 37 -89 93 93 93 93 -40 93 93 -75 -75 -166 16 16 16 16 -152 -82 100 100 100 100 -173 -159 -159 23 23
25 -45 25 18 39 39 25 -150 -52 4 4 25 18 39 39 -52 4 4 -3 -3 -3 -45 25 18 39 39 -45 -52 -66 -66 18 39 39 32 32 -108 25 18 39 39 -52 4 4 -3 -3 -3 18 39 39 32 32 -108 -3 -3 -3 -10
34 -50 13 13 34 27 -57 41 41 -99 20 -43 -43 -57 -64 20 41 34 41 34 20 34 -8 -8 -8 6 13 13 34 27 -64 -8 -50 -8 -50 6 41 41 -99 20 -1 -1 13 -1 13 -22 20 41 34 41 34 20 -1 -148 13 13
-6 -10 1 1 1 1 -6 5 5 5 5 1 1 1 1 -11 7 7 7 7 -23 -21 5 5 5 5 1 1 1 1 -11 7 7 7 7 -8 5 5 5 5 -7 -4 -4 -4 -4 -4 -11 7 7 7 7 -8 -5 -5 -2 -2
25 -80 -38 -38 18 18 4 46 46 -3 -3 -59 -59 -3 -3 -17 39 39 39 39 -10 25 46 46 -38 -38 -38 -38 18 18 -17 39 39 39 39 -45 46 46 -3 -3 -143 18 18 18 18 -171 -17 39 39 39 39 -10 -45 -45 11 11
16 -5 9 9 23 9 16 9 9 -117 -26 9 9 23 9 -19 16 2 16 2 -19 -5 9 9 23 9 -12 -12 -103 -12 -19 16 2 16 2 16 9 9 23 9 -19 16 2 16 2 -19 -19 16 2 16 2 16 -12 -26 9 9
17 38 3 -74 38 38 45 -95 -67 45 45 31 -46 31 31 -81 31 31 -46 -46 31 -11 -11 17 -11 -11 10 38 -60 -60 3 10 10 38 38 -60 17 45 -18 -18 -95 17 17 45 45 -18 31 3 3 31 31 -172 31 31 3 31
50 50 -48 -48 29 57 -97 50 50 -13 -195 50 50 -13 -90 -48 29 57 29 57 -6 64 1 1 -62 71 1 1 43 -34 -202 -20 8 -20 8 50 64 64 1 -76 1 -62 71 -62 71 8 1 43 -34 43 -34 -97 -20 8 50 50
-1 -15 34 34 -1 -1 -1 27 27 -148 -43 34 34 -1 -1 -43 27 27 27 27 -43 -15 34 34 -1 -1 -85 -85 -15 -15 -36 34 34 34 34 -1 34 34 -1 -1 -43 27 27 27 27 -43 -36 34 34 34 34 -1 -43 -148 27 27
3 3 6 -23 8 8 2 5 -9 7 7 5 -9 7 7 -6 -5 -5 -4 -4 -3 -24 -6 3 1 1 -6 3 1 1 6 4 4 8 8 -9 -7 2 0 0 5 3 3 7 7 -10 5 3 3 7 7 -10 -5 -5 -7 -3
8 -97 50 -6 43 57 8 -55 -6 -62 -153 50 -6 43 57 36 -20 -6 29 43 -13 -83 64 -97 57 71 -41 -97 -48 -34 50 -6 8 43 57 1 64 -97 57 71 50 -6 8 43 57 1 50 -6 8 43 57 1 -55 -146 -97 -48
54 -65 68 -163 54 68 -16 82 -9 -58 82 -2 -128 -16 -2 5 82 -114 -9 5 82 47 -65 54 -100 -65 61 -65 47 61 68 -65 -51 54 68 -65 75 -16 -65 75 82 -72 -37 -58 82 -72 -2 75 -121 -16 -2 75 82 -114 -37 82
-73 -3 81 81 -10 39 -17 67 67 -24 25 32 32 -94 -150 -199 25 74 25 74 -52 -80 4 4 -87 -38 74 74 -17 32 -52 67 -94 67 -94 25 60 60 -31 18 -66 53 -3 53 -3 11 -101 18 67 18 67 -59 -108 -59 60 60
-31 32 -31 -164 32 32 39 -24 -52 39 39 39 11 -3 -3 -52 39 39 11 11 -3 39 -24 -31 39 39 39 32 -38 -38 -31 39 39 32 32 -38 -59 39 4 4 -24 -59 -59 39 39 4 39 4 4 -3 -3 -178 39 39 4 -3
71 29 57 -104 71 36 64 -118 -69 1 71 50 -111 64 29 -83 -13 57 -69 -104 71 -41 22 71 1 -34 -20 29 -76 -111 57 22 -13 71 36 -174 15 64 -6 -41 -118 -48 22 1 71 1 50 15 -20 64 29 -76 -13 57 22 71
-124 -47 -12 -12 -124 -131 72 107 107 -5 -12 -131 -131 72 65 -96 107 100 107 100 -12 58 93 93 -19 -26 -40 -40 58 51 -110 93 86 93 86 -26 79 79 -173 -75 -96 2 -5 2 -5 -152 -124 79 72 79 72 -75 -96 -103 -5 -5
-61 -124 -19 -19 9 9 -61 44 44 72 72 -19 -19 9 9 -54 79 79 79 79 -208 -166 44 44 72 72 -19 -19 9 9 -54 79 79 79 79 -103 44 44 72 72 -96 -68 -68 -68 -68 -40 -54 79 79 79 79 -103 -61 -61 -33 -33
1 15 43 36 -6 1 1 29 22 -55 -153 43 36 -6 1 -41 22 29 15 22 -55 15 43 36 -6 1 -188 -90 8 15 -62 36 43 29 36 -6 43 36 -6 1 -41 22 29 15 22 -55 -62 36 43 29 36 -6 -48 -41 22 15
53 -31 -45 -45 53 46 -45 46 46 4 -3 -38 -38 -45 -52 -73 46 39 46 39 -3 53 39 39 -143 -45 -45 -45 53 46 -80 39 32 39 32 -45 46 46 4 -3 11 -10 -17 -10 -17 -94 -73 46 39 46 39 -3 11 4 -17 -17
36 8 -13 -13 36 1 -111 43 43 -83 22 15 15 -111 -6 -6 43 8 43 8 22 36 15 15 -41 29 -13 -13 36 1 -69 15 -55 15 -55 29 43 43 -83 22 22 -34 36 -34 36 -55 -6 43 8 43 8 22 22 -153 36 36
-6 -195 8 -48 8 8 -6 57 36 57 -153 8 -48 8 8 50 -34 71 50 50 71 -13 50 29 50 -55 1 -55 1 1 43 -41 64 43 43 64 50 29 50 -55 -13 -97 8 -13 -13 8 43 -41 64 43 43 64 -104 -104 -83 -104
0 -11 7 7 2 5 0 0 0 -10 -7 7 7 2 5 -8 2 5 2 5 -20 -12 6 6 1 4 -5 -5 -10 -7 -2 8 -4 8 -4 6 6 6 1 4 -9 1 4 1 4 -6 -2 8 -4 8 -4 6 -22 -4 6 6
-20 22 71 64 8 -20 -20 29 22 -69 -202 71 64 8 -20 -97 57 29 50 22 -69 22 71 64 8 -20 -202 -104 -55 22 -55 -6 71 -13 64 8 71 64 8 -20 -97 57 29 50 22 -69 -55 -6 71 -13 64 8 -69 -97 57 50
37 9 -12 -5 44 37 37 -5 2 -54 44 -12 -5 44 37 -82 2 -40 9 -138 51 -54 30 37 -19 -26 2 9 -82 -89 -12 37 30 44 37 -54 30 37 -19 -26 -5 -61 37 -54 44 -12 -12 37 30 44 37 -54 2 -40 44 51
67 -101 25 25 74 60 67 -157 -52 32 18 25 25 74 60 -94 -10 -24 -10 -24 -80 -59 67 67 -94 -3 -101 -206 -52 -66 25 74 60 74 60 4 67 67 -94 -3 -52 32 18 32 18 -38 25 74 60 74 60 4 -10 -24 -80 -80
-3 4 4 4 11 11 4 -31 -31 11 11 11 11 18 18 -129 18 18 18 18 4 -3 -3 -3 4 4 4 4 -24 -24 4 11 11 11 11 -38 4 4 11 11 -31 11 11 11 11 -3 11 18 18 18 18 -136 18 18 4 4
5 -6 -4 -4 3 4 5 7 7 -6 -20 -4 -4 3 4 -5 5 6 5 6 -7 -9 8 8 0 1 -3 -3 -11 -10 -4 6 7 6 7 -1 8 8 0 1 -23 2 3 2 3 -10 -4 6 7 6 7 -1 -10 -9 1 1
60 -73 -3 -94 60 60 60 25 39 -52 -52 -3 -94 60 60 -24 25 25 39 39 -157 -115 60 74 18 18 -73 -59 -115 -115 11 60 60 74 74 18 60 74 18 18 -171 -17 -17 -3 -3 -94 11 60 60 74 74 18 -66 -66 -17 -3
57 -83 1 -97 57 50 57 36 43 -153 -55 1 -97 57 50 -13 36 29 43 36 -55 -27 57 64 8 1 -188 -76 -27 -34 8 57 50 64 57 1 57 64 8 1 -62 -13 -20 -6 -13 -104 8 57 50 64 57 1 -62 -69 -20 -13
-178 -45 -3 -3 11 4 -45 -3 -3 11 4 25 25 39 32 11 46 39 46 39 -52 -45 -3 -3 11 4 25 25 39 32 11 46 39 46 39 -52 25 25 39 32 11 46 39 46 39 -52 -66 -31 -38 -31 -38 -24 -150 -52 -17 -17
36 50 -55 -55 29 50 -104 36 36 -20 -104 50 50 -6 -90 -55 29 50 29 50 -6 64 -6 -6 -62 64 8 8 57 -27 -202 -13 8 -13 8 57 64 64 8 -76 -6 -62 64 -62 64 8 8 57 -27 57 -27 -188 -13 8 57 57
34 34 34 -57 20 20 20 -85 -71 41 41 20 -71 41 41 -71 41 41 -50 -50 27 -1 -1 34 -15 -15 -1 34 -50 -50 34 -15 -15 20 20 -64 -15 20 6 6 -85 6 6 41 41 -8 20 6 6 41 41 -148 41 41 -8 27
24 38 10 -67 45 45 38 -95 -67 45 45 24 -53 24 24 -81 31 31 -46 -46 31 -11 -4 24 -4 -4 10 38 -60 -60 10 17 17 45 45 -158 10 38 -25 -25 -95 17 17 45 45 -18 24 -4 -4 24 24 -74 31 31 3 31
53 -45 11 11 67 53 53 -17 -17 -66 25 11 11 67 53 -199 -3 -52 -3 -52 39 -108 53 53 4 -10 -45 -45 -94 -108 11 67 53 67 53 -101 53 53 4 -10 -17 -66 25 -66 25 -24 11 67 53 67 53 -101 -3 -52 39 39
2 2 72 -96 107 93 2 72 -96 107 93 72 -96 107 93 -131 -138 -47 -96 -110 -12 -250 -75 2 -5 -19 -75 2 -5 -19 72 65 51 107 93 -124 -75 2 -5 -19 72 65 51 107 93 -124 72 65 51 107 93 -124 -138 -47 -54 -12
39 -24 -24 -129 39 39 -59 46 46 4 4 -17 -17 -59 -59 -17 46 46 46 46 4 39 39 39 -38 -38 -129 -24 39 39 -24 39 39 39 39 -38 46 46 4 4 -59 4 4 4 4 -178 -17 46 46 46 46 4 -59 -59 4 4
-58 -107 -72 -72 -58 -58 47 82 82 -9 -9 -72 -72 47 47 -37 82 82 82 82 -9 47 82 82 -9 -9 -72 -72 47 47 -37 82 82 82 82 -9 61 61 -65 -65 -114 5 5 5 5 -226 -58 61 61 61 61 -65 -114 -114 5 5
32 -31 -101 -101 32 39 18 53 53 -59 -52 -10 -10 18 25 -80 53 60 53 60 -52 -66 74 74 -3 4 11 11 -66 -164 -59 74 81 74 81 4 60 60 -17 -10 -115 18 25 18 25 -192 -73 60 67 60 67 -10 -115 -108 25 25
39 -3 -3 -10 39 4 39 39 32 -80 -94 -3 -10 39 4 -10 39 4 32 -3 -94 32 32 25 -52 39 -150 -52 32 -3 -52 32 -3 25 -10 39 32 25 -52 39 25 -52 39 -59 32 -80 -52 32 -3 25 -10 39 25 -10 39 32
38 -46 -25 -25 38 31 38 38 38 -144 -46 -25 -25 38 31 -46 38 31 38 31 -46 -74 52 52 10 3 -32 -32 -74 -81 -32 52 45 52 45 3 52 52 10 3 -74 10 3 10 3 -74 -32 52 45 52 45 3 -74 -81 3 3
41 -43 20 20 41 27 -57 41 41 -99 13 -43 -43 -57 -71 20 41 27 41 27 13 41 -1 -1 -1 6 20 20 41 27 -162 -1 -50 -1 -50 6 41 41 -99 13 -1 -1 6 -1 6 -29 20 41 27 41 27 13 -1 -50 6 6
50 -97 -6 -97 50 50 64 50 -41 1 1 8 -83 64 64 -97 50 50 -41 -41 1 50 36 50 -48 -153 -6 -97 50 50 -6 36 36 50 50 -48 -55 64 1 1 50 -13 -13 1 1 -97 8 -160 -55 64 64 1 50 50 -13 1
-17 -17 -59 -157 -59 -31 -17 46 53 46 -31 46 53 46 -31 11 4 32 11 39 32 -17 46 53 46 -31 46 53 46 -31 11 4 32 11 39 32 -59 -157 -59 -31 11 4 32 11 39 32 11 4 32 11 39 32 -66 -38 -150 -38
-4 -46 -4 -151 31 24 -4 3 -4 38 31 -4 -46 31 24 -4 38 31 31 24 -39 -4 3 -4 38 31 -4 -46 31 24 -4 38 31 31 24 -39 3 -4 38 31 3 -165 -67 38 31 -32 -4 38 31 31 24 -144 38 31 -32 -39
-17 -17 -31 53 39 53 -17 -31 -52 -66 -157 -31 53 39 53 39 25 39 4 18 4 -17 -31 53 39 53 -31 -157 -66 -52 39 25 39 4 18 4 -31 53 39 53 39 25 39 4 18 4 39 25 39 4 18 4 -45 -136 -45 -66
11 -59 -3 -3 11 4 11 67 67 -24 -31 -108 -108 11 4 -73 67 60 67 60 -31 11 67 67 -164 -66 -3 -3 11 4 -73 67 60 67 60 -66 67 67 -24 -31 -108 32 25 32 25 -101 -73 67 60 67 60 -31 -108 -115 25 25
18 -24 -10 -10 18 18 4 18 18 11 11 -59 -59 4 4 -45 18 18 18 18 11 18 11 11 -31 -31 -10 -10 18 18 -17 11 11 11 11 -31 18 18 11 11 11 4 4 4 4 -143 -45 18 18 18 18 11 11 11 4 4
-47 65 -68 -75 65 65 -110 -33 -40 -110 -110 79 72 2 2 -61 79 79 72 72 2 72 -166 -68 72 72 51 44 -61 -61 -89 51 51 44 44 -61 86 79 9 9 -54 86 86 79 79 9 -47 -12 -12 -19 -19 -229 -47 -47 -12 -19
47 -65 75 -163 47 75 -23 82 -16 -51 82 5 -128 -23 5 12 82 -121 -16 12 82 40 -65 47 -93 -65 68 -65 40 68 75 -65 -58 47 75 -65 75 -23 -58 75 82 -58 -51 -51 82 -58 5 75 -128 -23 5 75 82 -121 -51 82
-5 3 -5 -11 3 3 6 -5 -8 6 6 6 0 -1 -1 -8 6 6 0 0 -1 6 -5 -5 6 6 6 3 -6 -6 -5 6 6 3 3 -6 -9 6 2 2 -5 -9 -9 6 6 2 6 2 2 -1 -1 -25 6 6 2 -1
46 11 -10 -10 46 32 46 4 4 -45 46 -10 -10 46 32 -192 4 -45 4 -45 46 -73 46 46 -38 -52 11 11 -73 -87 -10 46 32 46 32 -52 46 46 -38 -52 4 -45 46 -45 46 -38 -10 46 32 46 32 -52 4 -45 46 46
32 -59 -24 -31 32 25 32 46 39 -143 -45 -24 -31 32 25 -17 46 39 39 32 -45 11 46 39 -3 -10 -150 -52 11 4 -17 46 39 39 32 -10 46 39 -3 -10 -52 11 4 4 -3 -80 -17 46 39 39 32 -10 -52 -59 4 -3
-66 -17 4 4 -66 -73 46 67 67 -3 -10 -94 -94 46 39 -94 67 60 67 60 -10 32 53 53 -17 -24 -3 -3 32 25 -108 53 46 53 46 -24 60 60 -150 -52 -45 11 4 11 4 -101 -101 60 53 60 53 -52 -45 -52 4 4
120 92 -20 -27 120 -90 92 -20 -27 -90 120 -188 -90 92 92 -202 -20 -20 -27 -27 120 -118 120 113 -90 -90 92 85 -118 -118 -27 120 -90 113 -97 -90 92 85 -118 -118 -27 -90 120 -97 113 -90 -90 92 92 85 85 -118 -27 -27 120 113
-10 -3 25 -80 74 74 -3 25 -80 74 74 32 -73 81 81 -45 -101 -101 4 4 -52 -192 -59 -24 25 25 -52 -17 32 32 11 60 60 60 60 -101 -52 -17 32 32 11 60 60 60 60 -101 18 67 67 67 67 -199 -10 -10 -66 -66
8 -69 8 -69 57 50 15 -48 15 1 -6 15 -167 64 57 15 1 -6 64 57 -62 -27 15 -27 64 57 -27 -104 22 15 -27 64 57 22 15 -104 22 -20 71 64 22 -202 -104 71 64 -55 -20 71 64 29 22 -97 71 64 -55 -97
71 22 -27 -27 71 15 -125 71 71 -76 -27 22 22 -125 -76 -27 71 15 71 15 -27 71 22 22 -90 64 -27 -27 71 15 -216 22 -69 22 -69 64 71 71 -76 -27 22 -90 64 -90 64 -83 -27 71 15 71 15 -27 22 -69 64 64
11 -73 -3 60 53 67 11 -24 -66 -73 -164 -3 60 53 67 25 18 32 -24 -10 -17 -59 -94 74 67 81 -73 -115 -122 -108 60 53 67 11 25 18 -94 74 67 81 39 32 46 -10 4 -3 60 53 67 11 25 18 -59 -150 -52 -94
24 38 24 -151 45 45 31 -88 -53 38 38 31 -39 17 17 -53 38 38 -32 -32 24 3 -11 24 10 10 3 38 -46 -46 24 10 10 45 45 -144 -4 31 -18 -18 -88 3 3 38 38 -11 31 -18 -18 17 17 -67 38 38 -11 24
39 -38 -38 -38 25 25 39 39 39 -38 -38 -38 -38 25 25 -38 25 25 25 25 -52 -150 60 60 18 18 -17 -17 -59 -59 -17 46 46 46 46 4 60 60 18 18 -150 18 18 18 18 -164 -17 46 46 46 46 4 -59 -59 4 4
-8 -8 34 34 -15 -1 -8 34 34 -50 -141 34 34 -15 -1 -50 27 41 27 41 -43 -8 34 34 -15 -1 -71 -71 -15 -1 -50 27 41 27 41 -8 34 34 -15 -1 -50 27 41 27 41 -43 -50 27 41 27 41 -8 -57 -148 34 34
20 -50 20 13 34 34 27 -148 -50 6 6 27 20 41 41 -50 6 6 -1 -1 -1 -50 20 13 34 34 -50 -57 -36 -36 13 34 34 27 27 -78 27 20 41 41 -50 6 6 -1 -1 -1 20 41 41 34 34 -176 -1 -1 -1 -8
-11 -1 11 11 -2 5 -3 9 9 -4 3 4 4 -14 -22 -17 3 10 3 10 -8 -11 1 1 -12 -5 11 11 -2 5 -10 10 -13 10 -13 4 9 9 -4 3 -12 8 0 8 0 2 -17 3 10 3 10 -8 -18 -11 9 9
62 -50 34 -148 62 55 -1 48 6 -29 69 -29 -106 -1 -8 -22 48 -64 6 -1 69 55 -1 62 -113 -120 27 -50 55 48 34 -1 -8 62 55 -120 41 -1 -36 62 48 -92 6 -29 69 -106 -29 41 -71 -1 -8 62 48 -64 6 69
8 -62 -6 -6 8 8 8 64 64 -167 -62 -6 -6 8 8 -55 64 64 64 64 -62 8 64 64 -27 -27 -111 -111 8 8 -55 64 64 64 64 -27 64 64 -27 -27 -90 29 29 29 29 -97 -55 64 64 64 64 -27 -90 -195 29 29
1 2 4 -11 7 7 2 4 -11 7 7 5 -10 8 8 -8 -5 -5 -5 -5 -2 -24 -7 1 1 1 -6 2 2 2 4 4 4 7 7 -8 -6 2 2 2 4 4 4 7 7 -8 5 5 5 8 8 -22 -5 -5 -5 -2
10 10 31 -74 52 52 10 31 -74 52 52 31 -74 52 52 -53 -32 -32 -32 -32 -32 -172 -46 10 10 10 -46 10 10 10 31 31 31 52 52 -74 -46 10 10 10 31 31 31 52 52 -74 31 31 31 52 52 -74 -32 -32 -53 -32
15 -69 -111 -111 8 8 8 71 71 -20 -20 -13 -13 1 1 -55 64 64 64 64 -27 8 71 71 -20 -20 -13 -13 1 1 -55 64 64 64 64 -27 64 64 -62 -62 -188 36 36 36 36 -195 -62 57 57 57 57 -69 -90 -90 29 29
25 -38 -31 -38 25 32 -66 46 39 -3 4 -17 -24 -66 -59 -17 46 53 39 46 4 32 39 32 -45 -38 -129 -31 32 39 -24 39 46 32 39 -38 53 46 4 11 -52 11 18 4 11 -171 -10 53 60 46 53 11 -52 -150 18 11
45 17 -4 -4 38 3 -179 45 45 -53 17 17 17 -81 -11 -4 38 3 38 3 10 45 24 24 -39 31 -4 -4 38 3 -165 17 -53 17 -53 24 45 45 -53 17 24 -39 31 -39 31 -67 -4 38 3 38 3 10 17 -53 24 24
-24 -17 -66 -59 -73 -31 -17 39 46 32 -31 46 53 39 -24 4 -10 32 -3 39 25 -10 46 53 39 -24 53 60 46 -122 11 -3 39 4 46 32 -52 -150 -59 -17 11 -3 39 4 46 32 18 4 46 11 53 39 -73 -136 -45 -38
-17 39 -17 -122 46 46 -66 -17 -17 -59 -59 39 39 -3 -3 -17 46 46 46 46 4 39 -122 -17 46 46 39 39 -38 -38 -17 46 46 46 46 -136 39 39 -3 -3 -17 46 46 46 46 4 -66 -3 -3 -3 -3 -80 -59 -59 4 4
39 -31 -94 -192 39 39 -73 74 81 -3 -3 4 11 -73 -73 -52 74 74 81 81 -3 18 60 67 -52 -52 -10 -3 18 18 -66 60 60 67 67 -52 53 60 -24 -24 -108 18 18 25 25 -199 -73 53 53 60 60 -24 -108 -108 18 25
9 -5 16 16 16 9 9 9 9 -26 -138 16 16 16 9 -5 16 9 16 9 -26 -5 16 16 16 9 -33 -33 -33 -5 -33 -12 16 -12 16 16 16 16 16 9 -5 16 9 16 9 -26 -33 -12 16 -12 16 16 -33 -5 16 16
-61 -96 -33 -33 -61 -61 44 107 107 -26 -26 -138 -138 44 44 -75 107 107 107 107 -26 30 93 93 -40 -40 -47 -47 30 30 -89 93 93 93 93 -40 93 93 -75 -75 -159 23 23 23 23 -250 -89 93 93 93 93 -75 -159 -159 23 23
27 -43 -43 -1 27 -1 20 20 27 -50 27 -50 -8 20 -8 -8 20 -8 27 -22 27 34 34 41 -141 41 -141 6 34 6 6 34 6 41 -8 41 27 34 -43 34 34 -43 34 -36 -85 -36 -1 27 -1 34 -15 34 34 -15 34 -85
46 -17 -24 -122 46 46 39 32 39 -143 -38 -31 -24 39 39 -31 32 32 39 39 -38 -52 46 53 11 11 -17 -10 -52 -157 -17 46 46 53 53 11 39 46 4 4 -66 -3 -3 4 4 -73 -24 39 39 46 46 4 -66 -66 -3 4
8 -97 50 50 1 43 1 -62 -62 -6 -69 43 43 -6 36 -20 36 -27 36 -27 29 -76 71 71 -188 64 -34 -34 -83 -41 8 64 1 64 1 57 64 64 -90 57 1 57 -6 57 -6 50 1 57 -6 57 -6 50 -146 -104 -48 -48
31 -53 59 59 17 -53 31 -102 -102 -39 31 59 59 17 -53 -74 -11 59 -11 59 17 -4 73 73 -74 -4 24 24 -18 -193 -109 59 24 59 24 -18 73 73 -74 -4 -60 3 73 3 73 -74 -109 59 24 59 24 -18 -74 -109 59 59
6 6 27 -64 48 48 6 27 -64 48 48 27 -64 48 48 -43 -36 -36 -22 -22 -36 -169 -43 6 13 13 -43 6 13 13 27 34 34 48 48 -71 -43 6 13 13 27 34 34 48 48 -71 27 34 34 48 48 -71 -36 -36 -50 -36
-1 -1 6 6 -1 -1 -1 6 6 -8 -29 6 6 -1 -1 -8 6 6 6 6 -8 -1 6 6 -1 -1 -15 -15 -1 -1 -8 6 6 6 6 -1 6 6 -1 -1 -8 6 6 6 6 -8 -8 6 6 6 6 -1 -29 -8 6 6
38 -32 -32 -130 38 38 -60 45 52 10 10 -25 -18 -60 -60 -18 45 45 52 52 10 31 31 38 -39 -39 -39 -32 31 31 -32 31 31 38 38 -39 38 45 3 3 -60 3 3 10 10 -172 -25 38 38 45 45 3 -60 -60 3 10
5 -9 33 33 5 -2 5 26 26 -142 -44 33 33 5 -2 -51 26 19 26 19 -44 -9 33 33 5 -2 -86 -86 -9 -16 -44 33 26 33 26 -2 33 33 5 -2 -51 26 19 26 19 -44 -44 33 26 33 26 -2 -51 -58 19 19
6 7 -7 -7 4 7 -15 6 6 -3 -15 7 7 -2 -14 -7 4 7 4 7 -2 9 0 0 -9 9 1 1 7 -5 -28 -2 1 -2 1 7 9 9 0 -12 0 -9 9 -9 9 0 1 7 -5 7 -5 -14 -2 1 7 7
38 3 -11 -4 38 31 38 3 10 -53 45 -11 -4 38 31 -74 3 -39 10 -137 45 -60 31 38 -25 -32 -4 3 -60 -67 -11 31 24 38 31 -32 31 38 -25 -32 3 -60 38 -53 45 -18 -11 31 24 38 31 -32 3 -39 38 45
-4 3 24 -74 38 38 10 31 -67 45 45 38 -60 52 52 -39 -32 -32 -25 -25 -18 -67 -46 -4 3 3 -39 3 10 10 24 31 31 38 38 -60 -137 10 17 17 31 38 38 45 45 -53 38 45 45 52 52 -151 -32 -32 -25 -18
37 -40 23 23 37 30 -61 37 37 -89 9 -40 -40 -61 -68 23 37 30 37 30 9 37 -5 -5 9 2 23 23 37 30 -159 -5 -47 -5 -47 2 37 37 -89 9 -5 9 2 9 2 -19 23 37 30 37 30 9 -5 -47 2 2
45 3 38 -67 38 3 52 -123 -18 -18 52 45 -60 45 10 -25 -25 45 -25 -60 45 3 38 38 -67 3 -39 -4 -4 -74 31 31 -39 31 -4 -4 45 45 -60 10 -25 -25 45 -25 45 -60 38 38 -137 38 3 3 -32 38 38 38
78 50 -13 -20 78 -48 71 8 1 -111 78 -160 -62 71 50 -125 8 -13 1 -20 78 -69 78 71 -41 -62 50 43 -69 -90 -20 78 -48 71 -55 -62 71 64 -48 -69 1 -111 78 -118 71 -41 -62 71 50 64 43 -69 1 -20 78 71
23 -47 23 16 30 30 30 -145 -47 2 2 30 23 37 37 -47 2 2 -5 -5 9 -47 23 16 30 30 -47 -54 -40 -40 16 30 30 23 23 -68 30 23 37 37 -47 2 2 -5 -5 9 23 37 37 30 30 -166 -5 -5 9 2
5 0 0 -1 5 1 5 5 4 -10 -14 0 -1 5 1 -1 5 1 4 0 -14 4 4 3 -6 5 -21 -7 4 0 -7 4 0 3 -1 5 4 3 -6 5 3 -6 5 -7 4 -10 -7 4 0 3 -1 5 3 -1 5 4
24 -39 -39 -74 24 24 38 38 3 -4 -4 -25 -60 38 38 -60 38 38 3 3 -4 38 38 24 -39 -39 -25 -39 38 38 -39 38 38 24 24 -39 -53 38 10 10 38 10 10 -4 -4 -172 -25 -53 -53 38 38 10 38 38 10 -4
3 10 24 -67 45 45 10 24 -67 45 45 31 -60 52 52 -46 -39 -39 -25 -25 -18 -165 -46 3 10 10 -39 10 17 17 24 31 31 45 45 -53 -39 10 17 17 24 31 31 45 45 -53 31 38 38 52 52 -151 -39 -39 -32 -18
3 52 59 59 -4 -74 -81 -74 -74 -32 3 -25 -25 17 52 -18 24 59 24 59 -4 66 73 73 -95 -60 17 17 59 -116 24 66 -109 66 -109 -67 -11 -11 31 66 -4 38 73 38 73 -95 -95 -53 17 -53 17 59 -151 24 66 66
37 30 37 -138 37 37 23 -75 -40 30 30 23 -47 23 23 -40 30 30 -40 -40 30 -5 2 37 2 2 -5 30 -40 -40 37 2 2 37 37 -138 -12 23 -12 -12 -75 -5 -5 30 30 -5 23 -12 -12 23 23 -47 30 30 -5 30
1 8 1 -20 8 8 8 -20 -20 8 8 8 -13 15 15 -20 8 8 -13 -13 15 8 -20 1 8 8 8 8 -20 -20 1 8 8 8 8 -20 -13 8 15 15 -20 -13 -13 8 8 15 8 15 15 15 15 -118 8 8 15 15
30 -47 16 16 30 30 -61 37 37 -89 16 -40 -40 -61 -61 23 37 37 37 37 16 30 -12 -12 2 2 16 16 30 30 -61 -12 -47 -12 -47 2 37 37 -89 16 -5 9 9 9 9 -12 23 37 37 37 37 16 -5 -145 9 9
8 3 8 -15 8 3 9 -16 -9 -1 9 9 -14 9 4 -9 -1 9 -9 -14 9 -4 1 8 1 -4 -4 3 -9 -14 8 1 -4 8 3 -9 2 9 2 -3 -16 -8 2 -1 9 2 9 2 -3 9 4 -23 -1 9 2 9
-9 -9 26 26 -9 -9 -9 26 26 -44 -44 26 26 -9 -9 -65 26 26 26 26 -44 -2 33 33 -2 -2 -72 -72 -2 -2 -58 33 33 33 33 -2 33 33 -2 -2 -58 33 33 33 33 -142 -58 33 33 33 33 -2 -58 -58 33 33
-48 -97 -62 -62 -48 -48 43 78 78 -13 -13 -76 -76 43 43 -41 78 78 78 78 -13 43 78 78 -13 -13 -76 -76 43 43 -41 78 78 78 78 -13 64 64 -62 -62 -111 8 8 8 8 -223 -55 64 64 64 64 -62 -111 -111 8 8
38 -53 10 10 45 45 38 -144 -39 31 31 10 10 45 45 -67 3 3 3 3 -67 -25 38 38 -32 -32 -53 -158 -18 -18 10 45 45 45 45 -25 38 38 -32 -32 -39 31 31 31 31 -39 10 45 45 45 45 -25 3 3 -67 -67
34 -36 -29 -29 27 34 34 41 41 -43 -141 -29 -29 27 34 -43 34 41 34 41 -43 -64 48 48 -1 6 -22 -22 -71 -64 -36 41 48 41 48 -1 48 48 -1 6 -71 6 13 6 13 -71 -36 41 48 41 48 -1 -78 -71 6 6
8 -14 -1 -13 7 8 9 7 -5 0 1 0 -12 8 9 -14 6 7 -6 -5 0 7 5 8 -7 -21 -2 -14 6 7 -1 4 5 7 8 -7 -9 9 -1 0 7 -3 -2 0 1 -14 0 -10 -9 8 9 -1 6 7 -3 0
10 -11 3 3 10 10 -4 10 10 17 17 -46 -46 -4 -4 -32 10 10 10 10 17 10 3 3 -25 -25 3 3 10 10 -4 3 3 3 3 -25 10 10 17 17 3 10 10 10 10 -123 -32 10 10 10 10 17 3 3 10 10
1 -9 -2 -2 1 1 2 9 9 -3 -3 -16 -16 2 2 -9 9 9 9 9 -3 1 8 8 -9 -9 -2 -2 1 1 -10 8 8 8 8 -9 9 9 -3 -3 -14 4 4 4 4 -28 -9 9 9 9 9 -3 -14 -14 4 4
29 -48 29 29 29 22 -48 29 29 -76 22 -48 -48 -48 -55 29 29 22 29 22 22 29 1 1 1 -6 29 29 29 22 -139 1 -41 1 -41 -6 29 29 -76 22 1 1 -6 1 -6 -6 29 29 22 29 22 22 1 -41 -6 -6
30 -40 -40 -40 30 30 -61 44 44 9 9 -26 -26 -61 -61 -26 44 44 44 44 9 30 30 30 -40 -40 -40 -40 30 30 -40 30 30 30 30 -40 44 44 9 9 -61 9 9 9 9 -166 -26 44 44 44 44 9 -61 -61 9 9
-61 9 44 44 2 37 9 44 44 2 37 9 9 -68 -138 -61 2 37 2 37 -40 -61 -26 -26 -68 -33 44 44 2 37 -26 37 -33 37 -33 30 44 44 2 37 -26 37 -33 37 -33 30 -61 2 37 2 37 -40 -68 -33 30 30
